datetime,open,high,low,close,volume
1569504600000,4.98,4.98,4.91,4.93,12716
1569505500000,4.91,4.92,4.8999,4.9,1924
1569506400000,4.87,4.87,4.8202,4.86,10930
1569507300000,4.85,4.862,4.84,4.85,3016
1569508200000,4.85,4.86,4.81,4.82,13203
1569509100000,4.81,4.82,4.8,4.81,4033
1569510000000,4.82,4.82,4.74,4.755,9411
1569510900000,4.78,4.79,4.76,4.775,9148
1569511800000,4.78,4.78,4.765,4.765,1660
1569512700000,4.765,4.765,4.7625,4.765,1107
1569513600000,4.765,4.765,4.72,4.72,1911
1569514500000,4.72,4.739,4.7073,4.739,2059
1569515400000,4.73,4.73,4.73,4.73,200
1569516300000,4.72,4.725,4.72,4.72,1241
1569517200000,4.72,4.72,4.71,4.71,2411
1569518100000,4.71,4.72,4.69,4.71,19752
1569519000000,4.71,4.73,4.71,4.73,5340
1569519900000,4.72,4.72,4.7076,4.715,2834
1569520800000,4.715,4.73,4.715,4.72,5000
1569521700000,4.7228,4.725,4.7228,4.725,470
1569522600000,4.725,4.725,4.72,4.72,300
1569523500000,4.73,4.73,4.72,4.73,1696
1569524400000,4.72,4.73,4.72,4.725,300
1569525300000,4.72,4.73,4.72,4.73,3900
1569526200000,4.72,4.73,4.72,4.725,2863
1569527100000,4.725,4.74,4.72,4.73,3549
1569591000000,4.56,4.57,4.5,4.51,24114
1569591900000,4.5,4.55,4.5,4.55,4183
1569592800000,4.5502,4.62,4.5502,4.6138,5418
1569593700000,4.62,4.63,4.5962,4.6,5440
1569594600000,4.59,4.62,4.55,4.62,6112
1569596400000,4.6197,4.6197,4.57,4.57,1450
1569597300000,4.57,4.57,4.545,4.545,1900
1569598200000,4.53,4.54,4.525,4.54,12713
1569599100000,4.532,4.5423,4.53,4.53,2403
1569600000000,4.52,4.53,4.52,4.53,400
1569600900000,4.52,4.5483,4.52,4.5419,5381
1569601800000,4.5477,4.55,4.5477,4.55,1302
1569602700000,4.57,4.62,4.57,4.62,4408
1569603600000,4.625,4.63,4.62,4.62,1604
1569604500000,4.61,4.61,4.61,4.61,100
1569605400000,4.63,4.63,4.62,4.62,300
1569606300000,4.61,4.6201,4.5955,4.6201,9250
1569607200000,4.62,4.62,4.613,4.613,296
1569608100000,4.61,4.61,4.58,4.5854,2593
1569609000000,4.5869,4.605,4.5869,4.605,1674
1569609900000,4.62,4.62,4.61,4.61,503
1569610800000,4.6,4.62,4.6,4.6,7000
1569611700000,4.61,4.61,4.6,4.61,1500
1569612600000,4.6,4.62,4.6,4.6,822
1569613500000,4.62,4.62,4.6036,4.605,3129
1569850200000,4.46,4.46,4.44,4.46,19031
1569851100000,4.47,4.52,4.47,4.52,3810
1569852000000,4.51,4.51,4.495,4.5,5683
1569852900000,4.5045,4.515,4.49,4.5,7460
1569853800000,4.49,4.498,4.45,4.45,10199
1569854700000,4.4599,4.4599,4.31,4.32,41673
1569855600000,4.31,4.35,4.28,4.3,49658
1569856500000,4.29,4.3,4.285,4.29,19547
1569857400000,4.27,4.283,4.25,4.283,6742
1569858300000,4.29,4.326,4.29,4.326,4070
1569859200000,4.32,4.32,4.3,4.3,930
1569860100000,4.3,4.3,4.21,4.28,19043
1569861000000,4.2767,4.28,4.25,4.275,15653
1569861900000,4.275,4.277,4.25,4.26,3426
1569862800000,4.26,4.2648,4.21,4.2105,5935
1569863700000,4.215,4.22,4.215,4.22,1820
1569864600000,4.2144,4.2144,4.17,4.19,7916
1569865500000,4.185,4.2,4.185,4.2,2613
1569866400000,4.21,4.21,4.19,4.21,4600
1569867300000,4.2101,4.23,4.21,4.23,5860
1569868200000,4.2273,4.24,4.2273,4.23,1130
1569869100000,4.24,4.24,4.24,4.24,200
1569870000000,4.245,4.245,4.245,4.245,700
1569870900000,4.2479,4.2499,4.2433,4.2433,2004
1569871800000,4.245,4.25,4.24,4.25,3073
1569872700000,4.245,4.26,4.245,4.25,6181
1569936600000,4.25,4.25,4.23,4.23,5941
1569937500000,4.23,4.26,4.21,4.25,12589
1569938400000,4.26,4.41,4.26,4.38,17750
1569939300000,4.3844,4.4195,4.384,4.4195,3646
1569940200000,4.42,4.51,4.42,4.48,14273
1569941100000,4.47,4.5,4.45,4.45,18097
1569942000000,4.46,4.46,4.44,4.44,2041
1569942900000,4.43,4.4303,4.42,4.4303,800
1569943800000,4.42,4.42,4.4,4.4,2542
1569944700000,4.4126,4.47,4.406,4.47,9471
1569945600000,4.465,4.465,4.46,4.465,2000
1569946500000,4.465,4.51,4.4645,4.5,8402
1569947400000,4.5,4.56,4.4798,4.4808,22537
1569949200000,4.47,4.52,4.47,4.51,3800
1569950100000,4.505,4.505,4.49,4.495,960
1569951000000,4.495,4.495,4.49,4.49,1900
1569951900000,4.48,4.48,4.46,4.47,1100
1569952800000,4.47,4.47,4.45,4.45,8617
1569953700000,4.44,4.44,4.43,4.43,1100
1569954600000,4.42,4.42,4.4,4.4,2448
1569955500000,4.3959,4.4,4.39,4.4,731
1569956400000,4.39,4.39,4.39,4.39,100
1569957300000,4.41,4.41,4.4096,4.4096,766
1569958200000,4.41,4.43,4.41,4.43,800
1569959100000,4.435,4.47,4.42,4.46,7709
1570023000000,4.6,4.83,4.6,4.79,66887
1570023900000,4.79,4.83,4.7,4.7384,20981
1570024800000,4.7372,4.77,4.6707,4.69,9941
1570025700000,4.7029,4.73,4.66,4.73,16184
1570026600000,4.72,4.7379,4.7,4.7228,6432
1570027500000,4.73,4.76,4.7,4.76,6162
1570028400000,4.75,4.8,4.74,4.8,9200
1570029300000,4.8,4.8081,4.75,4.75,2110
1570030200000,4.7585,4.82,4.75,4.82,3234
1570031100000,4.81,4.81,4.7715,4.776,2225
1570032000000,4.7833,4.81,4.77,4.81,3698
1570032900000,4.8,4.8,4.7801,4.7801,3128
1570033800000,4.7986,4.8368,4.78,4.82,11300
1570034700000,4.81,4.81,4.79,4.805,2780
1570035600000,4.814,4.814,4.8,4.8,1831
1570036500000,4.7963,4.8011,4.7607,4.7607,2835
1570037400000,4.77,4.775,4.765,4.765,3790
1570038300000,4.765,4.769,4.76,4.769,2530
1570039200000,4.765,4.765,4.75,4.75,2982
1570040100000,4.7466,4.76,4.7264,4.76,9490
1570041000000,4.7623,4.77,4.7623,4.77,4445
1570041900000,4.76,4.77,4.745,4.75,16555
1570042800000,4.75,4.76,4.75,4.76,3640
1570043700000,4.76,4.78,4.76,4.7757,6918
1570044600000,4.79,4.795,4.79,4.79,2000
1570045500000,4.8,4.81,4.788,4.81,8414
1570109400000,4.78,4.785,4.7,4.7175,18690
1570110300000,4.71,4.74,4.71,4.73,11364
1570111200000,4.73,4.94,4.725,4.92,46348
1570112100000,4.92,4.9601,4.9,4.9,19000
1570113000000,4.875,4.93,4.81,4.93,34381
1570113900000,4.9,4.9,4.8715,4.8715,3784
1570114800000,4.87,4.87,4.8,4.8045,1159
1570115700000,4.7804,4.7804,4.78,4.78,1820
1570116600000,4.8,4.8,4.8,4.8,400
1570117500000,4.8,4.8,4.8,4.8,300
1570118400000,4.79,4.79,4.7854,4.7854,900
1570119300000,4.78,4.78,4.77,4.78,2116
1570120200000,4.78,4.8,4.78,4.8,650
1570121100000,4.809,4.809,4.79,4.79,1120
1570122000000,4.79,4.8,4.79,4.8,300
1570122900000,4.79,4.79,4.75,4.75,2655
1570123800000,4.76,4.76,4.73,4.74,9781
1570124700000,4.735,4.74,4.71,4.7137,8237
1570125600000,4.72,4.73,4.72,4.725,3300
1570126500000,4.72,4.72,4.72,4.72,100
1570127400000,4.72,4.72,4.7,4.71,3000
1570128300000,4.71,4.72,4.71,4.72,1000
1570129200000,4.7108,4.715,4.71,4.715,1850
1570130100000,4.7122,4.72,4.71,4.71,6764
1570131000000,4.71,4.7122,4.7,4.705,18206
1570131900000,4.705,4.72,4.7,4.72,12521
1570195800000,4.69,4.73,4.63,4.73,9921
1570196700000,4.725,4.77,4.7115,4.715,7966
1570197600000,4.71,4.71,4.61,4.64,20151
1570198500000,4.66,4.66,4.5904,4.61,4629
1570199400000,4.6131,4.62,4.6,4.61,7898
1570200300000,4.62,4.625,4.615,4.625,13832
1570201200000,4.62,4.64,4.6199,4.64,5359
1570202100000,4.6915,4.6943,4.68,4.68,4540
1570203000000,4.68,4.68,4.66,4.66,1000
1570203900000,4.6599,4.6599,4.6599,4.6599,510
1570204800000,4.66,4.6956,4.66,4.6956,1106
1570205700000,4.7,4.72,4.7,4.72,5346
1570206600000,4.72,4.72,4.71,4.71,1000
1570207500000,4.73,4.74,4.73,4.74,700
1570208400000,4.75,4.76,4.73,4.73,6030
1570209300000,4.7322,4.745,4.7322,4.745,2960
1570210200000,4.745,4.765,4.7401,4.765,4673
1570211100000,4.765,4.765,4.75,4.75,2150
1570212000000,4.745,4.745,4.73,4.73,2993
1570212900000,4.73,4.735,4.73,4.735,550
1570213800000,4.74,4.76,4.7375,4.755,6575
1570214700000,4.755,4.76,4.75,4.75,2640
1570215600000,4.7455,4.77,4.7401,4.765,11260
1570216500000,4.765,4.7651,4.76,4.76,2886
1570217400000,4.75,4.76,4.7476,4.755,1051
1570218300000,4.755,4.76,4.74,4.74,9099
1570455000000,4.65,4.73,4.6496,4.71,5830
1570455900000,4.72,4.75,4.72,4.75,4620
1570456800000,4.74,4.7782,4.74,4.7782,1285
1570457700000,4.78,4.8,4.78,4.8,200
1570458600000,4.7915,4.8374,4.7915,4.82,5591
1570459500000,4.82,4.82,4.78,4.78,2610
1570460400000,4.79,4.8,4.779,4.8,4966
1570461300000,4.8,4.801,4.75,4.8,7680
1570462200000,4.8,4.8,4.77,4.77,1640
1570463100000,4.77,4.78,4.77,4.78,200
1570464000000,4.766,4.78,4.766,4.78,200
1570464900000,4.77,4.77,4.75,4.76,1573
1570465800000,4.7573,4.7573,4.7299,4.7299,1350
1570466700000,4.74,4.74,4.7,4.72,6901
1570467600000,4.74,4.74,4.74,4.74,850
1570468500000,4.75,4.76,4.7435,4.7435,750
1570469400000,4.74,4.74,4.67,4.68,7129
1570470300000,4.68,4.68,4.68,4.68,500
1570471200000,4.69,4.69,4.69,4.69,400
1570472100000,4.7,4.7,4.7,4.7,100
1570473000000,4.7,4.7,4.69,4.69,1200
1570473900000,4.69,4.69,4.69,4.69,1000
1570474800000,4.69,4.69,4.68,4.68,900
1570475700000,4.68,4.68,4.68,4.68,622
1570476600000,4.68,4.7,4.65,4.69,20986
1570477500000,4.7,4.74,4.7,4.73,10717
1570541400000,4.97,4.97,4.92,4.95,25010
1570542300000,4.95,4.96,4.94,4.94,6526
1570543200000,4.94,4.95,4.92,4.9268,9776
1570544100000,4.9,4.91,4.89,4.91,1734
1570545000000,4.9,4.9,4.89,4.89,410
1570545900000,4.89,4.94,4.89,4.94,10359
1570546800000,4.94,4.96,4.94,4.96,52715
1570547700000,4.95,4.95,4.9234,4.95,2787
1570548600000,4.9698,4.97,4.9606,4.97,1400
1570549500000,4.97,4.97,4.96,4.9699,5150
1570550400000,4.95,4.95,4.94,4.95,725
1570551300000,4.93,4.93,4.915,4.915,900
1570552200000,4.9186,4.95,4.9186,4.95,1830
1570553100000,4.9443,4.95,4.9443,4.95,300
1570554000000,4.95,4.95,4.9413,4.95,704
1570554900000,4.935,4.95,4.935,4.95,200
1570555800000,4.95,4.95,4.93,4.93,3570
1570556700000,4.94,4.95,4.927,4.945,2714
1570557600000,4.94,4.95,4.94,4.95,400
1570558500000,4.95,4.97,4.95,4.95,3220
1570559400000,4.97,4.97,4.94,4.9599,6352
1570560300000,4.95,4.95,4.95,4.95,400
1570561200000,4.94,4.95,4.9391,4.9391,4502
1570562100000,4.95,4.95,4.93,4.9428,1300
1570563000000,4.95,4.98,4.95,4.975,20130
1570563900000,4.98,4.98,4.95,4.98,5444
1570627800000,5.0,5.04,4.98,5.0,9306
1570628700000,5.01,5.0196,4.9748,5.0196,6341
1570629600000,5.04,5.04,4.99,5.02,5175
1570630500000,5.0111,5.0111,4.96,4.97,4350
1570631400000,4.95,5.02,4.95,4.9744,13943
1570632300000,4.9899,4.9899,4.9702,4.9702,1900
1570633200000,4.97,4.97,4.91,4.93,5097
1570634100000,4.93,4.93,4.9127,4.92,3700
1570635000000,4.9169,4.92,4.89,4.905,2193
1570635900000,4.9,4.9,4.89,4.8979,1200
1570636800000,4.88,4.88,4.85,4.85,1900
1570637700000,4.8301,4.85,4.83,4.83,2800
1570638600000,4.83,4.84,4.83,4.84,3050
1570639500000,4.85,4.89,4.85,4.8896,4900
1570640400000,4.876,4.89,4.81,4.81,30197
1570641300000,4.8462,4.86,4.8462,4.86,1679
1570642200000,4.8664,4.89,4.8664,4.89,3980
1570643100000,4.88,4.89,4.88,4.89,567
1570644000000,4.87,4.89,4.87,4.89,446
1570644900000,4.88,4.88,4.86,4.87,2140
1570645800000,4.88,4.88,4.87,4.87,2200
1570646700000,4.87,4.87,4.86,4.865,2044
1570647600000,4.87,4.87,4.86,4.86,400
1570648500000,4.87,4.87,4.8475,4.86,703
1570649400000,4.8534,4.87,4.84,4.87,6800
1570650300000,4.88,4.93,4.87,4.9,14821
1570714200000,4.9,4.9,4.81,4.81,5803
1570715100000,4.81,4.81,4.71,4.75,22934
1570716000000,4.76,4.78,4.76,4.7707,5842
1570716900000,4.7959,4.81,4.77,4.77,9295
1570717800000,4.744,4.744,4.744,4.744,500
1570718700000,4.76,4.76,4.7402,4.7402,12211
1570719600000,4.76,4.78,4.7,4.71,59190
1570720500000,4.7,4.73,4.7,4.73,2269
1570722300000,4.75,4.75,4.71,4.71,9735
1570723200000,4.72,4.74,4.7,4.72,4800
1570724100000,4.7399,4.8399,4.7399,4.8399,6425
1570725000000,4.82,4.82,4.81,4.81,625
1570725900000,4.8,4.8,4.8,4.8,100
1570726800000,4.7947,4.7947,4.79,4.79,1561
1570728600000,4.8,4.8,4.7935,4.7935,1100
1570729500000,4.81,4.83,4.8034,4.8143,3225
1570730400000,4.84,4.84,4.82,4.82,1000
1570732200000,4.82,4.82,4.8,4.81,1720
1570733100000,4.8132,4.82,4.8099,4.82,1950
1570734000000,4.81,4.82,4.81,4.815,800
1570734900000,4.82,4.85,4.82,4.85,10096
1570735800000,4.84,4.87,4.84,4.86,2033
1570736700000,4.845,4.845,4.82,4.83,1750
1570800600000,4.77,4.8,4.7204,4.73,15764
1570801500000,4.72,4.72,4.59,4.6578,20357
1570802400000,4.6662,4.68,4.62,4.62,7829
1570803300000,4.6195,4.65,4.58,4.65,25982
1570804200000,4.67,4.67,4.65,4.65,888
1570805100000,4.66,4.7,4.65,4.7,4000
1570806000000,4.7,4.7,4.7,4.7,400
1570806900000,4.7,4.71,4.69,4.7086,1100
1570807800000,4.69,4.695,4.6276,4.6369,5545
1570808700000,4.64,4.675,4.63,4.6301,6520
1570809600000,4.61,4.64,4.6,4.6031,1567
1570810500000,4.61,4.61,4.59,4.5911,1253
1570811400000,4.61,4.61,4.577,4.5804,4068
1570812300000,4.59,4.61,4.59,4.602,2122
1570813200000,4.6151,4.6151,4.6106,4.6106,4120
1570814100000,4.63,4.63,4.6,4.6009,5720
1570815000000,4.63,4.63,4.6266,4.6266,300
1570815900000,4.64,4.64,4.61,4.6379,1400
1570816800000,4.625,4.625,4.5911,4.5911,5389
1570817700000,4.5951,4.5951,4.59,4.59,247
1570818600000,4.61,4.61,4.59,4.5975,1200
1570819500000,4.5986,4.6,4.58,4.6,300
1570820400000,4.6,4.6,4.58,4.59,5546
1570821300000,4.5901,4.5953,4.5891,4.5953,1000
1570822200000,4.6,4.6,4.58,4.6,8400
1570823100000,4.601,4.61,4.59,4.61,7915
1571059800000,4.66,4.67,4.64,4.64,3216
1571060700000,4.6423,4.6423,4.6006,4.6006,1910
1571061600000,4.6,4.62,4.57,4.59,6267
1571062500000,4.6,4.64,4.6,4.63,2000
1571063400000,4.63,4.69,4.63,4.66,5440
1571064300000,4.66,4.66,4.64,4.65,325
1571065200000,4.63,4.635,4.62,4.63,600
1571066100000,4.61,4.63,4.61,4.63,1300
1571067000000,4.6159,4.6159,4.6159,4.6159,250
1571067900000,4.63,4.63,4.63,4.63,100
1571068800000,4.6148,4.63,4.61,4.62,2625
1571069700000,4.6,4.6,4.6,4.6,800
1571070600000,4.59,4.59,4.59,4.59,200
1571071500000,4.59,4.6,4.59,4.595,4300
1571072400000,4.595,4.65,4.595,4.65,11450
1571073300000,4.63,4.64,4.62,4.62,1385
1571074200000,4.6,4.6,4.6,4.6,100
1571075100000,4.63,4.63,4.61,4.62,540
1571076000000,4.63,4.63,4.61,4.61,3050
1571076900000,4.61,4.63,4.61,4.63,300
1571077800000,4.61,4.62,4.61,4.62,600
1571078700000,4.6,4.61,4.6,4.61,300
1571079600000,4.62,4.62,4.6,4.62,300
1571080500000,4.62,4.63,4.62,4.63,656
1571081400000,4.63,4.63,4.61,4.61,800
1571082300000,4.63,4.63,4.6,4.61,3878
1571146200000,4.49,4.54,4.49,4.53,7906
1571147100000,4.531,4.531,4.495,4.4964,3924
1571148000000,4.49,4.51,4.43,4.47,13222
1571148900000,4.47,4.52,4.47,4.5,4282
1571149800000,4.5,4.5,4.4489,4.4545,6690
1571150700000,4.46,4.47,4.4495,4.47,5800
1571151600000,4.4514,4.4594,4.41,4.4594,2524
1571152500000,4.452,4.4624,4.452,4.4624,1600
1571153400000,4.4601,4.4601,4.45,4.45,8950
1571154300000,4.45,4.4543,4.45,4.4543,1423
1571155200000,4.45,4.45,4.418,4.418,1406
1571156100000,4.4299,4.4299,4.4299,4.4299,381
1571157000000,4.4196,4.4196,4.41,4.41,200
1571157900000,4.41,4.41,4.41,4.41,100
1571158800000,4.41,4.41,4.38,4.3898,5304
1571159700000,4.3728,4.377,4.37,4.37,1700
1571160600000,4.375,4.41,4.3721,4.4,5600
1571161500000,4.4,4.4,4.39,4.4,800
1571162400000,4.38,4.38,4.38,4.38,200
1571163300000,4.3862,4.4,4.3862,4.39,1125
1571164200000,4.4,4.4044,4.3999,4.4044,4215
1571165100000,4.41,4.41,4.4,4.41,2926
1571166000000,4.41,4.41,4.38,4.395,11640
1571166900000,4.395,4.395,4.38,4.38,2116
1571168700000,4.39,4.41,4.3826,4.39,3903
1571232600000,4.49,4.5,4.4406,4.4406,7784
1571233500000,4.42,4.459,4.42,4.42,500
1571234400000,4.42,4.47,4.42,4.47,1690
1571235300000,4.42,4.44,4.42,4.435,1000
1571236200000,4.45,4.47,4.4389,4.45,4600
1571237100000,4.4423,4.4423,4.4423,4.4423,500
1571238000000,4.43,4.44,4.43,4.44,300
1571238900000,4.44,4.46,4.44,4.45,4000
1571239800000,4.46,4.46,4.44,4.44,600
1571240700000,4.44,4.44,4.4,4.41,6736
1571241600000,4.41,4.41,4.38,4.38,1300
1571242500000,4.39,4.41,4.38,4.3899,2100
1571243400000,4.39,4.39,4.39,4.39,100
1571244300000,4.4158,4.4158,4.4158,4.4158,400
1571245200000,4.4,4.4,4.4,4.4,200
1571246100000,4.41,4.41,4.4,4.4,500
1571247000000,4.4038,4.4046,4.39,4.4046,6787
1571247900000,4.41,4.42,4.41,4.4154,892
1571248800000,4.42,4.42,4.42,4.42,100
1571249700000,4.43,4.43,4.42,4.42,850
1571251500000,4.415,4.42,4.41,4.42,470
1571252400000,4.42,4.42,4.42,4.42,400
1571253300000,4.41,4.4125,4.405,4.405,1170
1571254200000,4.405,4.405,4.405,4.405,143
1571255100000,4.4,4.4,4.4,4.4,739
1571319000000,4.59,4.655,4.5146,4.62,22768
1571319900000,4.625,4.6717,4.625,4.6717,10268
1571320800000,4.64,4.6402,4.64,4.64,2350
1571321700000,4.6,4.64,4.6,4.6369,3850
1571322600000,4.61,4.63,4.61,4.61,2150
1571323500000,4.6145,4.63,4.61,4.61,1500
1571324400000,4.6,4.6083,4.57,4.57,3441
1571325300000,4.5731,4.5746,4.57,4.57,680
1571326200000,4.58,4.5857,4.58,4.5857,350
1571327100000,4.6,4.61,4.595,4.61,11256
1571328000000,4.64,4.6686,4.64,4.66,6917
1571328900000,4.6705,4.68,4.6705,4.68,1000
1571330700000,4.6689,4.671,4.6689,4.67,2400
1571331600000,4.68,4.68,4.6758,4.6758,400
1571332500000,4.67,4.67,4.67,4.67,100
1571333400000,4.68,4.72,4.68,4.72,8751
1571334300000,4.71,4.7101,4.7,4.7,2378
1571335200000,4.6603,4.6603,4.6603,4.6603,300
1571336100000,4.675,4.675,4.6626,4.6626,900
1571337000000,4.66,4.67,4.65,4.6603,1750
1571338800000,4.66,4.66,4.64,4.64,1500
1571339700000,4.64,4.64,4.64,4.64,1755
1571340600000,4.6455,4.646,4.645,4.645,1200
1571341500000,4.64,4.68,4.64,4.67,14626
1571405400000,4.6,4.67,4.5828,4.67,4854
1571406300000,4.67,4.68,4.63,4.6495,4644
1571407200000,4.66,4.66,4.6361,4.64,1015
1571408100000,4.64,4.66,4.64,4.64,1400
1571409000000,4.64,4.65,4.59,4.59,4300
1571409900000,4.62,4.64,4.62,4.63,1100
1571410800000,4.62,4.62,4.59,4.59,1355
1571411700000,4.6,4.6,4.5901,4.6,1068
1571412600000,4.59,4.6,4.59,4.6,400
1571414400000,4.59,4.595,4.575,4.575,2120
1571415300000,4.5799,4.6,4.575,4.6,1654
1571417100000,4.6,4.6,4.59,4.6,4220
1571418000000,4.6,4.6073,4.6,4.6073,600
1571418900000,4.6099,4.61,4.6099,4.61,700
1571419800000,4.59,4.59,4.59,4.59,200
1571420700000,4.61,4.6196,4.6,4.6196,1950
1571421600000,4.6086,4.62,4.6086,4.62,750
1571422500000,4.62,4.62,4.62,4.62,400
1571423400000,4.62,4.62,4.62,4.62,400
1571425200000,4.61,4.61,4.6,4.61,400
1571426100000,4.6,4.61,4.59,4.59,1960
1571427000000,4.595,4.6,4.59,4.6,880
1571427900000,4.59,4.62,4.59,4.62,3738
1571664600000,4.72,4.72,4.68,4.69,6139
1571665500000,4.65,4.71,4.64,4.6835,6266
1571666400000,4.7,4.73,4.65,4.68,1600
1571668200000,4.68,4.68,4.68,4.68,100
1571669100000,4.66,4.67,4.65,4.65,1408
1571670000000,4.63,4.64,4.62,4.62,3347
1571670900000,4.619,4.62,4.6,4.6,892
1571671800000,4.5809,4.585,4.55,4.5641,2840
1571672700000,4.58,4.58,4.5632,4.5632,700
1571674500000,4.5692,4.5692,4.5692,4.5692,110
1571675400000,4.58,4.6,4.57,4.5837,1490
1571676300000,4.6,4.6,4.6,4.6,200
1571677200000,4.6,4.6,4.6,4.6,200
1571678100000,4.5915,4.62,4.5915,4.62,5985
1571679000000,4.6,4.6,4.6,4.6,300
1571679900000,4.6012,4.6012,4.6012,4.6012,1500
1571681700000,4.62,4.62,4.6,4.6027,456
1571682600000,4.62,4.62,4.615,4.615,560
1571683500000,4.63,4.63,4.63,4.63,200
1571684400000,4.61,4.61,4.6,4.6,2288
1571685300000,4.605,4.605,4.605,4.605,100
1571686200000,4.61,4.61,4.6,4.6,1570
1571687100000,4.61,4.6198,4.61,4.6163,3941
1571751000000,4.6,4.6,4.6,4.6,1014
1571751900000,4.63,4.63,4.61,4.61,800
1571753700000,4.5701,4.5701,4.5701,4.5701,800
1571754600000,4.58,4.5802,4.53,4.56,5514
1571755500000,4.5,4.52,4.48,4.52,6355
1571756400000,4.52,4.54,4.512,4.512,2400
1571757300000,4.52,4.56,4.52,4.56,700
1571759100000,4.54,4.54,4.51,4.52,1200
1571760000000,4.52,4.52,4.49,4.49,2500
1571761800000,4.505,4.51,4.505,4.51,650
1571762700000,4.51,4.53,4.5,4.51,5554
1571763600000,4.519,4.53,4.519,4.5199,1775
1571765400000,4.5201,4.55,4.52,4.55,1300
1571767200000,4.545,4.56,4.545,4.56,1500
1571768100000,4.55,4.55,4.54,4.54,1500
1571769000000,4.53,4.5599,4.53,4.5599,4250
1571771700000,4.55,4.55,4.5391,4.5391,742
1571772600000,4.53,4.54,4.53,4.54,200
1571773500000,4.55,4.55,4.52,4.54,3510
1571837400000,4.55,4.62,4.55,4.58,1720
1571838300000,4.56,4.62,4.56,4.62,2431
1571840100000,4.62,4.62,4.57,4.58,4489
1571841000000,4.5913,4.6,4.5846,4.6,1200
1571841900000,4.58,4.6,4.57,4.58,4727
1571842800000,4.5899,4.59,4.5899,4.59,650
1571844600000,4.5949,4.5949,4.57,4.57,500
1571845500000,4.57,4.57,4.5698,4.57,2990
1571847300000,4.57,4.57,4.55,4.55,2109
1571849100000,4.55,4.55,4.54,4.54,3220
1571850000000,4.56,4.57,4.56,4.56,2325
1571851800000,4.56,4.56,4.56,4.56,1150
1571852700000,4.55,4.55,4.55,4.55,100
1571853600000,4.55,4.55,4.55,4.55,100
1571854500000,4.568,4.58,4.568,4.5699,4082
1571857200000,4.5865,4.5865,4.5865,4.5865,300
1571858100000,4.58,4.62,4.58,4.62,1050
1571859000000,4.615,4.62,4.6,4.62,1603
1571859900000,4.615,4.63,4.6,4.63,1615
1571923800000,4.47,4.52,4.455,4.4991,13636
1571924700000,4.49,4.51,4.4814,4.51,9776
1571925600000,4.55,4.55,4.54,4.54,1775
1571926500000,4.54,4.69,4.54,4.62,34117
1571927400000,4.63,4.6421,4.62,4.64,1200
1571928300000,4.6597,4.6597,4.6597,4.6597,322
1571929200000,4.66,4.69,4.66,4.67,1800
1571930100000,4.67,4.67,4.65,4.65,1970
1571931000000,4.65,4.65,4.64,4.65,1229
1571931900000,4.6581,4.72,4.65,4.72,8198
1571932800000,4.73,4.73,4.71,4.73,1657
1571933700000,4.75,4.75,4.73,4.73,590
1571934600000,4.74,4.75,4.7301,4.7384,2700
1571935500000,4.73,4.75,4.73,4.745,1010
1571936400000,4.7429,4.75,4.741,4.75,4359
1571937300000,4.75,4.81,4.75,4.805,11684
1571938200000,4.8,4.805,4.79,4.7912,2796
1571939100000,4.8,4.805,4.8,4.8,1300
1571940000000,4.79,4.8,4.7801,4.8,1200
1571940900000,4.78,4.79,4.78,4.785,1100
1571941800000,4.78,4.78,4.7615,4.7615,1695
1571942700000,4.7663,4.77,4.7546,4.77,1662
1571943600000,4.76,4.79,4.76,4.78,3110
1571944500000,4.79,4.8,4.78,4.78,5135
1571945400000,4.785,4.785,4.77,4.78,1205
1571946300000,4.77,4.78,4.75,4.78,8639
1572010200000,4.91,4.96,4.89,4.89,27858
1572011100000,4.9,4.93,4.9,4.93,4900
1572012000000,4.9227,4.94,4.9,4.9081,3572
1572012900000,4.91,4.91,4.8701,4.88,16950
1572013800000,4.8705,4.88,4.84,4.865,11003
1572014700000,4.89,4.9,4.875,4.875,2119
1572015600000,4.89,4.91,4.88,4.88,4758
1572016500000,4.87,4.87,4.8143,4.8143,4146
1572017400000,4.815,4.815,4.815,4.815,100
1572018300000,4.815,4.815,4.75,4.755,7100
1572019200000,4.76,4.78,4.75,4.75,2936
1572020100000,4.765,4.765,4.7645,4.7645,1000
1572021000000,4.78,4.78,4.78,4.78,300
1572021900000,4.78,4.78,4.78,4.78,200
1572023700000,4.77,4.77,4.76,4.76,2300
1572024600000,4.76,4.78,4.76,4.7699,5898
1572025500000,4.78,4.78,4.77,4.78,400
1572026400000,4.7765,4.8,4.7759,4.8,3064
1572028200000,4.795,4.795,4.795,4.795,100
1572030900000,4.795,4.81,4.79,4.79,9382
1572031800000,4.81,4.81,4.8099,4.8099,250
1572032700000,4.81,4.83,4.8,4.83,2881
1572269400000,4.72,4.76,4.71,4.72,11114
1572270300000,4.72,4.72,4.69,4.72,3461
1572272100000,4.71,4.7331,4.68,4.69,15208
1572273000000,4.6854,4.73,4.6854,4.71,6810
1572273900000,4.7,4.71,4.68,4.68,2044
1572274800000,4.6976,4.6976,4.69,4.69,725
1572275700000,4.68,4.69,4.68,4.69,500
1572276600000,4.6971,4.6971,4.64,4.64,2116
1572277500000,4.63,4.63,4.6037,4.6037,2115
1572278400000,4.59,4.595,4.59,4.595,1300
1572279300000,4.59,4.59,4.58,4.59,2641
1572280200000,4.59,4.59,4.58,4.59,2412
1572281100000,4.59,4.71,4.59,4.65,12997
1572282000000,4.67,4.67,4.655,4.655,600
1572282900000,4.67,4.67,4.67,4.67,428
1572284700000,4.67,4.68,4.6691,4.6691,400
1572286500000,4.66,4.67,4.66,4.67,200
1572287400000,4.66,4.66,4.65,4.65,350
1572288300000,4.65,4.67,4.64,4.64,2700
1572289200000,4.65,4.65,4.65,4.65,800
1572290100000,4.66,4.66,4.65,4.655,2730
1572291000000,4.65,4.66,4.65,4.65,1453
1572291900000,4.655,4.67,4.64,4.65,4081
1572355800000,4.678,4.69,4.6538,4.68,4473
1572356700000,4.712,4.712,4.68,4.7,2975
1572357600000,4.7309,4.7656,4.7309,4.75,13539
1572358500000,4.78,4.78,4.78,4.78,129
1572359400000,4.809,4.81,4.72,4.73,4322
1572360300000,4.76,4.76,4.76,4.76,400
1572361200000,4.77,4.81,4.77,4.81,1096
1572362100000,4.83,4.85,4.81,4.837,3839
1572363000000,4.8648,4.8648,4.85,4.85,969
1572363900000,4.84,4.84,4.83,4.83,458
1572364800000,4.82,4.85,4.8101,4.85,3479
1572365700000,4.86,4.89,4.86,4.88,2500
1572366600000,4.87,4.87,4.85,4.85,500
1572367500000,4.84,4.846,4.81,4.81,2805
1572368400000,4.82,4.82,4.82,4.82,100
1572369300000,4.8,4.8,4.8,4.8,100
1572370200000,4.79,4.79,4.79,4.79,200
1572371100000,4.79,4.8,4.79,4.8,1000
1572372000000,4.82,4.84,4.82,4.83,1010
1572373800000,4.8339,4.8354,4.82,4.83,1999
1572374700000,4.82,4.82,4.8133,4.82,1090
1572375600000,4.82,4.84,4.82,4.84,1411
1572376500000,4.82,4.8249,4.82,4.8249,550
1572377400000,4.83,4.84,4.8173,4.84,3621
1572378300000,4.8399,4.85,4.82,4.85,12727
1572442200000,4.92,4.97,4.9,4.932,20954
1572443100000,4.92,4.93,4.9,4.93,4882
1572444000000,4.92,4.96,4.92,4.9598,16500
1572444900000,4.96,4.96,4.9273,4.9273,2687
1572445800000,4.9186,4.98,4.9186,4.975,6884
1572446700000,4.975,4.975,4.94,4.94,4281
1572447600000,4.935,4.94,4.935,4.94,300
1572448500000,4.94,4.97,4.94,4.965,7602
1572449400000,4.9677,4.9677,4.96,4.96,4200
1572450300000,4.9637,4.97,4.958,4.97,1438
1572451200000,4.9601,4.9736,4.93,4.94,7861
1572452100000,4.935,4.98,4.935,4.975,4481
1572453000000,4.975,4.98,4.93,4.93,16981
1572453900000,4.9498,4.9498,4.94,4.94,3000
1572454800000,4.935,4.96,4.935,4.95,9184
1572455700000,4.945,4.9514,4.945,4.9514,9173
1572456600000,4.9599,4.97,4.95,4.95,1940
1572457500000,4.9501,4.9501,4.93,4.95,10332
1572458400000,4.94,4.944,4.92,4.93,2900
1572459300000,4.9258,4.9258,4.86,4.8601,8290
1572460200000,4.8497,4.866,4.83,4.84,4482
1572461100000,4.84,4.8817,4.83,4.8817,4190
1572462000000,4.88,4.92,4.88,4.92,1935
1572462900000,4.93,4.94,4.92,4.94,3545
1572463800000,4.94,4.95,4.9338,4.9338,5951
1572464700000,4.94,4.97,4.94,4.97,5183
1572528600000,4.98,4.98,4.96,4.98,8072
1572529500000,4.98,4.981,4.98,4.9804,750
1572530400000,4.99,5.03,4.97,5.0,29244
1572531300000,4.995,5.0122,4.99,5.0122,2000
1572532200000,5.02,5.0486,5.01,5.0372,6832
1572533100000,5.0412,5.07,4.99,4.99,8323
1572534000000,5.01,5.0304,5.01,5.0304,1602
1572534900000,5.03,5.04,5.005,5.005,11000
1572535800000,5.0,5.005,4.99,5.0,1500
1572536700000,5.01,5.01,4.98,4.98,1300
1572537600000,4.975,5.0174,4.975,5.015,7890
1572538500000,5.015,5.015,5.0,5.015,1700
1572539400000,5.015,5.015,5.01,5.015,300
1572540300000,5.0,5.02,5.0,5.02,500
1572541200000,5.0298,5.0298,5.02,5.02,400
1572542100000,5.01,5.08,5.01,5.07,12809
1572543000000,5.08,5.08,5.06,5.07,2950
1572543900000,5.08,5.1271,5.08,5.1251,19973
1572544800000,5.12,5.125,5.07,5.07,3115
1572545700000,5.07,5.08,5.06,5.075,2944
1572546600000,5.07,5.11,5.07,5.11,3250
1572547500000,5.08,5.1097,5.08,5.08,1300
1572548400000,5.08,5.09,5.08,5.09,5430
1572549300000,5.1,5.14,5.0979,5.13,8780
1572550200000,5.13,5.13,5.09,5.1,5570
1572551100000,5.0972,5.12,5.09,5.11,5978
1572615000000,5.08,5.08,5.01,5.0339,3673
1572615900000,5.03,5.03,5.01,5.01,2335
1572616800000,5.02,5.05,5.01,5.0101,5352
1572617700000,5.01,5.01,4.97,4.9784,4689
1572618600000,4.9982,4.9982,4.9205,4.95,10915
1572619500000,4.95,4.96,4.95,4.96,707
1572620400000,4.9646,4.9726,4.9646,4.97,1000
1572621300000,4.965,4.9696,4.965,4.965,1170
1572622200000,4.965,4.97,4.95,4.97,7711
1572623100000,4.97,5.0,4.97,4.9822,1000
1572624000000,4.97,5.0,4.97,5.0,4170
1572624900000,5.02,5.02,5.0,5.0,1800
1572625800000,5.0,5.0,5.0,5.0,300
1572626700000,5.0,5.0,4.99,4.99,1399
1572627600000,4.99,4.9911,4.97,4.97,2270
1572628500000,4.98,4.98,4.96,4.96,1700
1572629400000,4.9724,4.974,4.97,4.97,601
1572630300000,4.97,4.9772,4.96,4.9772,700
1572631200000,4.96,4.96,4.92,4.935,11782
1572632100000,4.92,4.92,4.92,4.92,200
1572633000000,4.92,4.935,4.92,4.9346,500
1572633900000,4.93,4.93,4.93,4.93,400
1572634800000,4.92,4.9244,4.9,4.9,13575
1572635700000,4.92,4.94,4.91,4.9269,3370
1572636600000,4.93,4.98,4.93,4.98,6250
1572637500000,4.98,5.0,4.97,4.99,10300
1572877800000,4.97,4.97,4.9168,4.9168,2959
1572878700000,4.91,4.92,4.89,4.89,1960
1572879600000,4.9,4.91,4.9,4.9099,1700
1572880500000,4.91,4.94,4.895,4.895,7474
1572881400000,4.89,4.9,4.865,4.865,7550
1572882300000,4.865,4.8722,4.83,4.83,22112
1572883200000,4.84,4.84,4.77,4.7824,16855
1572884100000,4.79,4.79,4.75,4.76,11561
1572885000000,4.75,4.76,4.7301,4.76,3996
1572885900000,4.7662,4.7662,4.7599,4.76,3484
1572886800000,4.76,4.77,4.76,4.76,5456
1572887700000,4.7709,4.7709,4.76,4.76,200
1572888600000,4.75,4.7804,4.75,4.78,971
1572889500000,4.7812,4.7812,4.78,4.78,2400
1572890400000,4.78,4.78,4.7748,4.7748,300
1572891300000,4.7701,4.7762,4.77,4.77,5382
1572892200000,4.76,4.76,4.74,4.74,6227
1572893100000,4.73,4.73,4.72,4.72,2700
1572894000000,4.73,4.73,4.7045,4.71,9581
1572894900000,4.72,4.75,4.71,4.71,3907
1572895800000,4.74,4.74,4.722,4.722,455
1572896700000,4.71,4.71,4.71,4.71,1300
1572897600000,4.73,4.74,4.73,4.73,1100
1572898500000,4.7101,4.7101,4.7101,4.7101,4000
1572899400000,4.71,4.729,4.7,4.71,13828
1572900300000,4.72,4.7295,4.7101,4.725,9948
1572964200000,4.73,4.73,4.63,4.67,20132
1572965100000,4.68,4.6937,4.68,4.6914,1500
1572966000000,4.69,4.69,4.635,4.6426,3890
1572966900000,4.65,4.7,4.65,4.7,3915
1572967800000,4.7253,4.7253,4.7165,4.7165,1200
1572968700000,4.7336,4.7336,4.71,4.71,1972
1572969600000,4.74,4.74,4.71,4.7139,1100
1572970500000,4.7105,4.7105,4.66,4.6854,3958
1572971400000,4.682,4.69,4.68,4.68,550
1572972300000,4.673,4.6766,4.66,4.6703,9335
1572973200000,4.68,4.68,4.62,4.62,4696
1572974100000,4.62,4.63,4.605,4.63,9475
1572976800000,4.63,4.63,4.6201,4.63,4200
1572977700000,4.64,4.64,4.63,4.63,1800
1572978600000,4.63,4.63,4.61,4.61,2148
1572979500000,4.62,4.62,4.62,4.62,450
1572980400000,4.6195,4.62,4.61,4.62,1295
1572981300000,4.61,4.61,4.605,4.605,1558
1572982200000,4.605,4.62,4.605,4.62,1800
1572983100000,4.62,4.63,4.62,4.62,1507
1572984000000,4.62,4.62,4.62,4.62,100
1572984900000,4.63,4.64,4.63,4.64,1700
1572985800000,4.6526,4.6526,4.65,4.65,1740
1572986700000,4.6501,4.67,4.6484,4.66,7535
1573050600000,4.71,4.74,4.71,4.74,3086
1573051500000,4.71,4.71,4.71,4.71,700
1573052400000,4.69,4.69,4.68,4.69,2130
1573053300000,4.6801,4.6801,4.67,4.68,1392
1573054200000,4.6715,4.68,4.6715,4.68,3100
1573055100000,4.67,4.6714,4.64,4.65,6565
1573056000000,4.64,4.66,4.64,4.66,4240
1573056900000,4.67,4.7052,4.6685,4.7052,13194
1573057800000,4.7124,4.7124,4.68,4.68,2450
1573058700000,4.68,4.73,4.68,4.72,1215
1573059600000,4.73,4.74,4.73,4.74,400
1573060500000,4.74,4.77,4.7399,4.75,3000
1573061400000,4.7697,4.77,4.71,4.71,4760
1573064100000,4.71,4.71,4.71,4.71,100
1573065000000,4.7001,4.715,4.7001,4.715,1450
1573065900000,4.71,4.71,4.6996,4.6996,1700
1573066800000,4.69,4.69,4.69,4.69,1000
1573068600000,4.695,4.695,4.695,4.695,200
1573069500000,4.69,4.695,4.69,4.695,800
1573070400000,4.695,4.71,4.695,4.71,1612
1573071300000,4.7,4.7,4.69,4.69,200
1573073100000,4.7,4.71,4.69,4.71,668
1573137000000,4.67,4.67,4.5884,4.6227,12504
1573137900000,4.65,4.67,4.62,4.6285,1634
1573138800000,4.6118,4.623,4.59,4.59,4397
1573139700000,4.59,4.595,4.58,4.58,1500
1573140600000,4.57,4.57,4.4776,4.4899,12616
1573141500000,4.4627,4.4722,4.4627,4.4683,575
1573142400000,4.46,4.46,4.446,4.46,3664
1573143300000,4.475,4.489,4.475,4.48,2928
1573144200000,4.4832,4.5,4.4832,4.5,8720
1573145100000,4.5,4.51,4.5,4.51,1100
1573146000000,4.53,4.55,4.53,4.53,2952
1573146900000,4.53,4.53,4.52,4.52,340
1573147800000,4.501,4.52,4.501,4.5199,1460
1573148700000,4.5242,4.5254,4.5111,4.5111,2361
1573149600000,4.51,4.51,4.5,4.5,800
1573150500000,4.49,4.5,4.49,4.5,1900
1573151400000,4.52,4.52,4.52,4.52,102
1573152300000,4.5025,4.516,4.48,4.48,10361
1573153200000,4.49,4.49,4.488,4.49,400
1573154100000,4.48,4.4832,4.48,4.4812,1671
1573155000000,4.5,4.51,4.48,4.51,1200
1573155900000,4.52,4.54,4.52,4.54,1400
1573156800000,4.5456,4.5456,4.5358,4.5358,1100
1573157700000,4.525,4.525,4.51,4.51,300
1573158600000,4.525,4.53,4.525,4.53,200
1573159500000,4.54,4.54,4.5247,4.525,2586
1573223400000,4.31,4.35,4.29,4.32,11154
1573224300000,4.319,4.36,4.319,4.34,8890
1573225200000,4.34,4.38,4.34,4.34,2989
1573226100000,4.345,4.38,4.32,4.38,8920
1573227000000,4.4099,4.45,4.405,4.44,5385
1573227900000,4.44,4.44,4.4,4.405,3223
1573228800000,4.4,4.43,4.4,4.43,8898
1573229700000,4.44,4.47,4.44,4.47,4602
1573230600000,4.49,4.49,4.43,4.43,5944
1573231500000,4.44,4.44,4.44,4.44,572
1573232400000,4.4,4.41,4.4,4.41,1853
1573233300000,4.39,4.39,4.32,4.3201,9092
1573234200000,4.34,4.37,4.3399,4.35,3890
1573235100000,4.34,4.35,4.34,4.35,7208
1573236000000,4.3404,4.3404,4.32,4.32,1730
1573236900000,4.3272,4.3272,4.3272,4.3272,500
1573237800000,4.3368,4.3368,4.3244,4.3244,2660
1573238700000,4.34,4.3699,4.34,4.3699,4200
1573239600000,4.35,4.38,4.34,4.34,400
1573240500000,4.3596,4.38,4.3596,4.38,5900
1573241400000,4.3521,4.3521,4.3521,4.3521,335
1573242300000,4.37,4.37,4.37,4.37,100
1573243200000,4.34,4.34,4.34,4.34,100
1573244100000,4.36,4.36,4.32,4.33,1713
1573245000000,4.33,4.34,4.329,4.34,7498
1573245900000,4.345,4.35,4.34,4.35,4064
1573482600000,4.3,4.33,4.3,4.31,1441
1573483500000,4.31,4.31,4.3,4.3,200
1573484400000,4.29,4.3,4.29,4.3,200
1573485300000,4.28,4.28,4.27,4.2799,5293
1573486200000,4.26,4.265,4.26,4.265,200
1573487100000,4.255,4.255,4.23,4.235,1400
1573488000000,4.23,4.2301,4.2139,4.23,4200
1573488900000,4.225,4.265,4.225,4.265,11029
1573489800000,4.3098,4.31,4.3098,4.31,200
1573490700000,4.31,4.31,4.31,4.31,100
1573491600000,4.31,4.31,4.29,4.3,915
1573492500000,4.31,4.4,4.295,4.35,21500
1573493400000,4.335,4.35,4.335,4.35,500
1573495200000,4.35,4.35,4.35,4.35,800
1573496100000,4.36,4.36,4.36,4.36,400
1573497000000,4.34,4.36,4.34,4.36,200
1573498800000,4.36,4.36,4.34,4.35,700
1573500600000,4.345,4.35,4.34,4.35,1350
1573502400000,4.36,4.36,4.36,4.36,100
1573503300000,4.3472,4.36,4.3472,4.36,1250
1573504200000,4.35,4.3598,4.34,4.3598,1300
1573505100000,4.35,4.35,4.34,4.35,689
1573569000000,4.21,4.21,4.17,4.19,13379
1573569900000,4.19,4.19,4.18,4.19,2379
1573570800000,4.2,4.2,4.1946,4.2,2726
1573571700000,4.2005,4.2005,4.2005,4.2005,2000
1573572600000,4.2199,4.2199,4.19,4.19,2920
1573573500000,4.19,4.2,4.18,4.2,6825
1573575300000,4.195,4.21,4.195,4.21,7125
1573576200000,4.23,4.24,4.23,4.24,1065
1573577100000,4.25,4.29,4.25,4.2874,800
1573578000000,4.28,4.285,4.2791,4.2791,2201
1573578900000,4.2768,4.2768,4.2768,4.2768,250
1573579800000,4.28,4.28,4.28,4.28,100
1573581600000,4.29,4.29,4.29,4.29,100
1573583400000,4.29,4.3,4.28,4.28,3800
1573584300000,4.275,4.28,4.27,4.28,1900
1573585200000,4.2898,4.31,4.2862,4.3,10997
1573586100000,4.32,4.32,4.32,4.32,2000
1573587000000,4.3399,4.35,4.3399,4.345,1200
1573587900000,4.35,4.35,4.35,4.35,200
1573588800000,4.355,4.355,4.34,4.34,3540
1573589700000,4.33,4.33,4.32,4.33,1100
1573590600000,4.325,4.33,4.325,4.33,200
1573591500000,4.34,4.34,4.32,4.32,5319
1573655400000,4.45,4.46,4.4,4.445,23269
1573656300000,4.45,4.46,4.45,4.46,300
1573657200000,4.46,4.475,4.46,4.465,6395
1573658100000,4.4601,4.4601,4.455,4.46,1224
1573659000000,4.47,4.47,4.46,4.46,800
1573659900000,4.47,4.49,4.46,4.46,4400
1573660800000,4.48,4.48,4.48,4.48,146
1573661700000,4.45,4.45,4.45,4.45,100
1573662600000,4.46,4.46,4.4502,4.4573,1000
1573663500000,4.45,4.455,4.45,4.455,700
1573664400000,4.455,4.455,4.41,4.41,7900
1573665300000,4.43,4.44,4.43,4.44,800
1573666200000,4.44,4.44,4.435,4.44,916
1573668000000,4.45,4.45,4.45,4.45,100
1573668900000,4.44,4.44,4.44,4.44,100
1573669800000,4.43,4.43,4.43,4.43,100
1573670700000,4.44,4.45,4.44,4.44,1300
1573671600000,4.455,4.47,4.455,4.47,600
1573672500000,4.465,4.465,4.465,4.465,100
1573674300000,4.45,4.45,4.4,4.4,2248
1573675200000,4.4,4.4,4.4,4.4,100
1573676100000,4.39,4.41,4.39,4.4099,3350
1573677000000,4.4,4.41,4.39,4.39,5000
1573677900000,4.372,4.4,4.37,4.4,5209
1573741800000,4.49,4.53,4.48,4.53,1323
1573742700000,4.52,4.53,4.49,4.52,5694
1573744500000,4.516,4.516,4.516,4.516,100
1573745400000,4.52,4.52,4.52,4.52,200
1573746300000,4.51,4.51,4.51,4.51,105
1573747200000,4.51,4.52,4.51,4.52,1200
1573748100000,4.54,4.54,4.54,4.54,400
1573749000000,4.5473,4.59,4.5467,4.58,4656
1573749900000,4.58,4.5898,4.57,4.5898,1750
1573750800000,4.5796,4.5796,4.5749,4.5749,1650
1573751700000,4.57,4.57,4.56,4.56,1200
1573754400000,4.535,4.535,4.535,4.535,100
1573755300000,4.54,4.56,4.54,4.56,3000
1573756200000,4.55,4.568,4.53,4.53,2700
1573758000000,4.5269,4.55,4.5269,4.54,800
1573758900000,4.54,4.54,4.54,4.54,300
1573759800000,4.54,4.54,4.54,4.54,100
1573760700000,4.54,4.54,4.51,4.53,4000
1573761600000,4.5101,4.52,4.5,4.51,5739
1573762500000,4.5,4.54,4.49,4.5352,21157
1573763400000,4.54,4.54,4.52,4.52,517
1573764300000,4.52,4.53,4.5148,4.53,3009
1573828200000,4.53,4.53,4.46,4.49,7834
1573829100000,4.49,4.49,4.49,4.49,100
1573830000000,4.52,4.52,4.5,4.51,2000
1573830900000,4.51,4.51,4.4805,4.4805,1613
1573832700000,4.49,4.5083,4.49,4.508,3200
1573833600000,4.5054,4.5054,4.5054,4.5054,400
1573834500000,4.49,4.497,4.49,4.497,550
1573835400000,4.47,4.4843,4.47,4.47,850
1573836300000,4.48,4.48,4.48,4.48,100
1573837200000,4.48,4.48,4.48,4.48,200
1573839900000,4.48,4.48,4.48,4.48,100
1573840800000,4.48,4.48,4.48,4.48,700
1573841700000,4.47,4.48,4.47,4.47,1500
1573842600000,4.47,4.47,4.47,4.47,400
1573843500000,4.48,4.48,4.48,4.48,100
1573845300000,4.46,4.46,4.45,4.45,1200
1573846200000,4.43,4.45,4.4202,4.4244,12259
1573848000000,4.44,4.44,4.44,4.44,100
1573848900000,4.44,4.44,4.42,4.42,1889
1573849800000,4.41,4.45,4.41,4.45,2267
1573850700000,4.45,4.46,4.45,4.46,3227
1574087400000,4.41,4.43,4.36,4.43,6202
1574088300000,4.4336,4.4336,4.4336,4.4336,350
1574089200000,4.43,4.435,4.42,4.42,1050
1574090100000,4.385,4.385,4.33,4.34,4710
1574091000000,4.3396,4.355,4.3396,4.35,11705
1574091900000,4.334,4.36,4.334,4.355,2500
1574092800000,4.37,4.39,4.33,4.3381,4300
1574093700000,4.35,4.375,4.3432,4.35,4500
1574094600000,4.35,4.37,4.3492,4.3528,4400
1574095500000,4.35,4.3599,4.349,4.3599,1350
1574096400000,4.36,4.39,4.34,4.37,3400
1574097300000,4.35,4.35,4.35,4.35,300
1574099100000,4.3624,4.3624,4.3624,4.3624,250
1574100000000,4.37,4.37,4.37,4.37,100
1574100900000,4.39,4.39,4.3798,4.3798,1344
1574101800000,4.3734,4.3734,4.3734,4.3734,300
1574102700000,4.375,4.375,4.36,4.36,5400
1574103600000,4.36,4.39,4.36,4.36,920
1574104500000,4.36,4.36,4.31,4.3531,19680
1574105400000,4.32,4.35,4.32,4.335,600
1574106300000,4.3435,4.3435,4.31,4.31,1600
1574107200000,4.31,4.3228,4.3,4.3,1800
1574108100000,4.3,4.33,4.3,4.33,6690
1574109000000,4.35,4.36,4.33,4.33,4500
1574109900000,4.31,4.35,4.31,4.34,6617
1574173800000,4.32,4.33,4.28,4.29,4737
1574174700000,4.3015,4.3015,4.3,4.3,700
1574175600000,4.315,4.315,4.315,4.315,140
1574176500000,4.33,4.33,4.33,4.33,300
1574177400000,4.33,4.33,4.3,4.3,3005
1574178300000,4.3,4.3,4.2964,4.3,4600
1574179200000,4.3,4.3,4.29,4.29,11719
1574180100000,4.295,4.3,4.29,4.29,2800
1574181000000,4.3,4.3,4.27,4.27,3450
1574181900000,4.29,4.29,4.28,4.28,1130
1574182800000,4.29,4.29,4.285,4.285,500
1574183700000,4.285,4.285,4.28,4.285,700
1574184600000,4.29,4.29,4.28,4.2899,1238
1574186400000,4.3,4.3,4.28,4.28,8154
1574187300000,4.3,4.3171,4.3,4.305,9070
1574188200000,4.3,4.3,4.2962,4.2962,1300
1574189100000,4.3,4.31,4.3,4.31,200
1574190000000,4.33,4.33,4.33,4.33,100
1574190900000,4.34,4.36,4.34,4.36,400
1574191800000,4.3644,4.3644,4.3644,4.3644,500
1574192700000,4.39,4.4,4.3821,4.3821,1200
1574193600000,4.4,4.4,4.4,4.4,500
1574194500000,4.385,4.385,4.3747,4.3747,870
1574195400000,4.385,4.385,4.37,4.38,3869
1574196300000,4.37,4.39,4.36,4.36,1900
1574260200000,4.34,4.34,4.34,4.34,980
1574261100000,4.35,4.35,4.3423,4.3423,1528
1574262000000,4.3615,4.3615,4.3615,4.3615,500
1574262900000,4.36,4.36,4.33,4.33,4629
1574263800000,4.32,4.3302,4.32,4.3302,1200
1574264700000,4.2681,4.29,4.2547,4.29,5556
1574265600000,4.25,4.27,4.25,4.25,300
1574266500000,4.27,4.27,4.26,4.2669,400
1574267400000,4.26,4.2649,4.26,4.2649,300
1574269200000,4.27,4.27,4.27,4.27,100
1574270100000,4.26,4.26,4.26,4.26,294
1574271000000,4.26,4.262,4.2461,4.25,1300
1574271900000,4.25,4.25,4.25,4.25,500
1574272800000,4.24,4.29,4.24,4.29,1300
1574274600000,4.3,4.33,4.3,4.33,4008
1574275500000,4.31,4.34,4.29,4.3,5606
1574278200000,4.3,4.3,4.3,4.3,200
1574279100000,4.27,4.27,4.27,4.27,100
1574280000000,4.3,4.3,4.3,4.3,100
1574280900000,4.28,4.3,4.275,4.28,3832
1574281800000,4.2733,4.3,4.2733,4.29,4250
1574282700000,4.3,4.3,4.29,4.295,2800
1574346600000,4.28,4.2857,4.28,4.2857,500
1574347500000,4.28,4.28,4.27,4.27,443
1574348400000,4.24,4.24,4.24,4.24,1200
1574349300000,4.25,4.26,4.25,4.26,1000
1574350200000,4.25,4.25,4.24,4.24,1584
1574351100000,4.2401,4.2462,4.2201,4.2201,5899
1574352900000,4.22,4.23,4.22,4.225,4230
1574353800000,4.2287,4.26,4.225,4.26,2366
1574354700000,4.25,4.26,4.22,4.23,2600
1574355600000,4.21,4.21,4.19,4.2,4827
1574356500000,4.19,4.1999,4.1856,4.1856,4300
1574357400000,4.19,4.19,4.19,4.19,3000
1574358300000,4.1846,4.2,4.1846,4.19,526
1574359200000,4.2,4.2,4.18,4.18,312
1574360100000,4.18,4.19,4.17,4.19,900
1574361000000,4.17,4.17,4.08,4.13,43633
1574361900000,4.13,4.14,4.13,4.14,500
1574362800000,4.13,4.15,4.13,4.15,2343
1574363700000,4.15,4.15,4.135,4.15,1900
1574364600000,4.15,4.17,4.15,4.162,5000
1574365500000,4.17,4.17,4.16,4.17,1300
1574366400000,4.165,4.17,4.165,4.17,830
1574368200000,4.165,4.165,4.16,4.16,1600
1574369100000,4.16,4.17,4.15,4.15,1551
1574433000000,4.2,4.2,4.18,4.18,8052
1574433900000,4.15,4.15,4.05,4.1137,6749
1574434800000,4.13,4.13,4.1,4.1,3900
1574435700000,4.105,4.1076,4.09,4.105,23389
1574436600000,4.11,4.13,4.11,4.13,800
1574437500000,4.13,4.15,4.13,4.15,200
1574438400000,4.15,4.18,4.14,4.18,4801
1574439300000,4.1726,4.175,4.1726,4.175,700
1574440200000,4.185,4.2,4.185,4.2,300
1574441100000,4.2,4.2,4.19,4.19,700
1574442900000,4.1956,4.1956,4.1956,4.1956,100
1574443800000,4.19,4.19,4.19,4.19,200
1574444700000,4.19,4.19,4.19,4.19,100
1574445600000,4.18,4.18,4.18,4.18,600
1574446500000,4.1859,4.1859,4.18,4.18,350
1574447400000,4.18,4.195,4.18,4.195,1588
1574448300000,4.195,4.2,4.195,4.2,500
1574449200000,4.2,4.2,4.2,4.2,100
1574450100000,4.2,4.2,4.19,4.19,200
1574451000000,4.19,4.19,4.17,4.17,900
1574451900000,4.17,4.17,4.16,4.16,1012
1574452800000,4.155,4.155,4.152,4.152,450
1574454600000,4.155,4.155,4.155,4.155,400
1574455500000,4.14,4.16,4.13,4.13,787
1574692200000,4.04,4.11,4.04,4.09,6381
1574693100000,4.07,4.0906,3.98,4.01,73406
1574694000000,4.01,4.04,3.91,3.9131,32632
1574694900000,3.97,3.98,3.9699,3.9699,10062
1574695800000,3.96,3.96,3.95,3.95,3800
1574696700000,3.97,3.97,3.95,3.97,3700
1574697600000,3.9687,3.9716,3.9687,3.9716,4226
1574698500000,3.97,3.98,3.97,3.97,2900
1574699400000,3.9844,3.995,3.98,3.995,2305
1574700300000,4.0,4.0,4.0,4.0,100
1574701200000,4.005,4.01,4.005,4.01,400
1574702100000,4.005,4.0101,4.005,4.0101,1614
1574703000000,4.0099,4.01,4.005,4.01,956
1574703900000,4.01,4.01,4.01,4.01,300
1574704800000,4.01,4.01,4.0,4.0,1000
1574705700000,4.0087,4.0087,4.0,4.0,2248
1574707500000,3.99,3.99,3.99,3.99,100
1574710200000,3.988,3.988,3.98,3.9871,750
1574711100000,3.98,3.9846,3.97,3.975,908
1574712000000,3.97,3.975,3.97,3.975,300
1574712900000,3.975,3.98,3.97,3.9754,2400
1574713800000,3.98,3.98,3.97,3.97,2360
1574714700000,3.98,3.98,3.97,3.97,3902
1574778600000,3.95,3.99,3.94,3.97,35929
1574779500000,3.97,3.975,3.96,3.97,1100
1574780400000,3.965,3.965,3.95,3.95,2320
1574781300000,3.94,3.94,3.94,3.94,100
1574782200000,3.94,3.98,3.94,3.97,7607
1574783100000,3.98,4.01,3.98,4.0099,1130
1574784000000,4.02,4.02,4.005,4.005,1800
1574784900000,4.0,4.0,3.99,3.99,312
1574785800000,3.995,3.995,3.98,3.9899,5104
1574786700000,3.984,3.984,3.98,3.98,2100
1574787600000,3.99,3.99,3.99,3.99,100
1574788500000,3.975,4.01,3.975,4.01,11434
1574790300000,4.01,4.01,4.01,4.01,795
1574791200000,4.02,4.02,4.02,4.02,500
1574792100000,4.02,4.03,4.02,4.03,300
1574793000000,4.037,4.037,4.037,4.037,1001
1574793900000,4.05,4.07,4.05,4.07,500
1574794800000,4.0699,4.07,4.0699,4.07,350
1574795700000,4.0519,4.07,4.0519,4.07,500
1574796600000,4.07,4.07,4.07,4.07,200
1574797500000,4.051,4.07,4.05,4.07,472
1574798400000,4.05,4.055,4.05,4.05,4900
1574799300000,4.0402,4.06,4.0402,4.06,1200
1574800200000,4.055,4.09,4.0513,4.09,3253
1574801100000,4.0902,4.13,4.09,4.1,6124
1574865000000,4.02,4.05,4.006,4.006,1462
1574865900000,4.02,4.04,4.001,4.04,5450
1574867700000,4.05,4.05,4.05,4.05,300
1574868600000,4.06,4.06,4.06,4.06,300
1574869500000,4.06,4.06,4.06,4.06,300
1574870400000,4.04,4.05,4.0273,4.03,1400
1574871300000,4.03,4.04,4.03,4.04,600
1574873100000,4.04,4.05,4.04,4.05,385
1574874900000,4.0358,4.05,4.0358,4.05,500
1574876700000,4.05,4.05,4.0302,4.0302,1024
1574877600000,4.05,4.05,4.05,4.05,200
1574879400000,4.05,4.05,4.05,4.05,700
1574880300000,4.05,4.05,4.05,4.05,522
1574881200000,4.05,4.06,4.05,4.06,300
1574882100000,4.06,4.06,4.06,4.06,300
1574883000000,4.0561,4.07,4.0561,4.07,314
1574883900000,4.08,4.08,4.08,4.08,200
1574884800000,4.08,4.08,4.08,4.08,800
1574885700000,4.08,4.1,4.08,4.1,3857
1574886600000,4.11,4.13,4.11,4.13,700
1574887500000,4.14,4.14,4.1,4.1,10070
1575037800000,4.05,4.1,4.05,4.06,5748
1575038700000,4.06,4.06,4.06,4.06,200
1575039600000,4.07,4.1002,4.07,4.1002,2280
1575040500000,4.126,4.126,4.09,4.09,8874
1575041400000,4.08,4.08,4.08,4.08,600
1575042300000,4.08,4.13,4.08,4.129,6822
1575043200000,4.13,4.13,4.13,4.13,400
1575044100000,4.13,4.1499,4.13,4.13,3100
1575045000000,4.13,4.13,4.13,4.13,600
1575045900000,4.13,4.13,4.13,4.13,800
1575046800000,4.12,4.13,4.12,4.13,776
1575047700000,4.13,4.13,4.13,4.13,400
1575048600000,4.11,4.11,4.11,4.11,200
1575049500000,4.11,4.11,4.09,4.09,2258
1575050400000,4.09,4.09,4.09,4.09,2168
1575297000000,4.05,4.1,4.05,4.1,6800
1575297900000,4.0991,4.11,4.0991,4.11,1200
1575298800000,4.11,4.14,4.11,4.135,2300
1575299700000,4.14,4.14,4.1305,4.1305,2606
1575300600000,4.14,4.14,4.13,4.14,1200
1575301500000,4.135,4.14,4.135,4.14,200
1575302400000,4.14,4.14,4.13,4.14,500
1575303300000,4.14,4.14,4.135,4.14,3753
1575304200000,4.138,4.19,4.138,4.19,7065
1575305100000,4.19,4.19,4.1791,4.19,400
1575306000000,4.17,4.18,4.14,4.14,1463
1575306900000,4.15,4.15,4.15,4.15,300
1575307800000,4.15,4.15,4.15,4.15,200
1575308700000,4.15,4.17,4.15,4.17,400
1575309600000,4.17,4.17,4.17,4.17,400
1575310500000,4.17,4.17,4.15,4.15,4800
1575311400000,4.18,4.18,4.18,4.18,400
1575312300000,4.1667,4.1667,4.1667,4.1667,1000
1575313200000,4.18,4.18,4.17,4.17,1300
1575314100000,4.18,4.18,4.16,4.18,700
1575315000000,4.18,4.18,4.166,4.18,2000
1575315900000,4.18,4.18,4.165,4.165,900
1575316800000,4.17,4.17,4.164,4.17,690
1575317700000,4.17,4.18,4.17,4.18,970
1575318600000,4.18,4.2,4.18,4.2,1300
1575319500000,4.2,4.2,4.175,4.175,4037
1575383400000,4.41,4.52,4.41,4.49,9977
1575384300000,4.5,4.56,4.47,4.47,2309
1575385200000,4.46,4.5,4.44,4.46,5573
1575386100000,4.455,4.46,4.42,4.45,5977
1575387000000,4.45,4.46,4.43,4.43,6160
1575387900000,4.43,4.46,4.425,4.46,11217
1575388800000,4.47,4.49,4.47,4.49,3287
1575389700000,4.48,4.49,4.465,4.49,6251
1575390600000,4.475,4.4798,4.46,4.47,2413
1575391500000,4.47,4.47,4.46,4.4683,826
1575392400000,4.47,4.47,4.47,4.47,1082
1575393300000,4.46,4.47,4.46,4.465,1081
1575394200000,4.46,4.465,4.46,4.465,200
1575395100000,4.46,4.46,4.45,4.45,300
1575396000000,4.45,4.46,4.45,4.45,750
1575396900000,4.45,4.45,4.45,4.45,720
1575397800000,4.45,4.45,4.43,4.43,1513
1575398700000,4.43,4.46,4.43,4.46,1111
1575399600000,4.45,4.4579,4.45,4.4579,380
1575400500000,4.47,4.47,4.45,4.45,200
1575401400000,4.45,4.45,4.45,4.45,300
1575402300000,4.45,4.45,4.45,4.45,835
1575403200000,4.45,4.45,4.4461,4.4461,200
1575404100000,4.44,4.445,4.44,4.44,741
1575405000000,4.4401,4.45,4.44,4.4438,5880
1575405900000,4.44,4.45,4.43,4.45,9128
1575469800000,4.67,4.68,4.63,4.63,11009
1575470700000,4.635,4.7,4.635,4.6885,24982
1575471600000,4.69,4.71,4.65,4.6501,32247
1575472500000,4.65,4.65,4.5622,4.5681,4758
1575473400000,4.57,4.61,4.5522,4.6,7917
1575474300000,4.6,4.6,4.6,4.6,3700
1575475200000,4.61,4.61,4.5886,4.61,315
1575476100000,4.61,4.64,4.595,4.64,8130
1575478800000,4.64,4.64,4.64,4.64,100
1575479700000,4.61,4.63,4.61,4.63,1100
1575480600000,4.63,4.64,4.63,4.64,2204
1575481500000,4.6498,4.67,4.6498,4.66,2280
1575482400000,4.66,4.66,4.66,4.66,100
1575483300000,4.66,4.67,4.66,4.67,700
1575484200000,4.69,4.71,4.685,4.71,6559
1575485100000,4.7,4.75,4.69,4.75,11681
1575486000000,4.74,4.745,4.74,4.74,1268
1575486900000,4.7363,4.7363,4.68,4.7,5903
1575487800000,4.71,4.713,4.6988,4.6988,3300
1575488700000,4.7,4.7099,4.7,4.7099,4100
1575489600000,4.6737,4.6737,4.6737,4.6737,700
1575490500000,4.69,4.69,4.67,4.67,900
1575491400000,4.67,4.69,4.67,4.68,2000
1575492300000,4.7,4.71,4.68,4.71,5084
1575556200000,4.68,4.74,4.68,4.73,1602
1575557100000,4.7,4.7,4.7,4.7,200
1575558000000,4.7,4.7,4.69,4.6913,1057
1575558900000,4.69,4.69,4.6765,4.6765,724
1575559800000,4.66,4.66,4.62,4.64,6255
1575560700000,4.63,4.63,4.63,4.63,1316
1575561600000,4.63,4.63,4.59,4.6,2359
1575562500000,4.6,4.61,4.6,4.6,1400
1575563400000,4.61,4.63,4.61,4.63,1225
1575564300000,4.66,4.67,4.66,4.67,2302
1575565200000,4.68,4.6826,4.67,4.6826,800
1575566100000,4.69,4.69,4.67,4.69,1300
1575567000000,4.67,4.69,4.67,4.675,1100
1575567900000,4.68,4.7,4.68,4.7,400
1575568800000,4.7,4.7,4.7,4.7,700
1575569700000,4.7,4.7,4.7,4.7,400
1575570600000,4.69,4.7,4.69,4.7,2100
1575571500000,4.71,4.72,4.71,4.72,1300
1575572400000,4.7199,4.7199,4.7,4.7,5038
1575573300000,4.69,4.71,4.69,4.69,3800
1575574200000,4.7035,4.72,4.7035,4.7063,19774
1575575100000,4.7027,4.7027,4.7,4.7,1300
1575576000000,4.7,4.71,4.7,4.71,600
1575576900000,4.69,4.71,4.67,4.7,1000
1575577800000,4.6949,4.71,4.67,4.67,12547
1575578700000,4.68,4.69,4.66,4.66,2217
1575642600000,4.69,4.7,4.64,4.6663,9196
1575643500000,4.66,4.66,4.635,4.66,818
1575644400000,4.65,4.65,4.58,4.585,6700
1575645300000,4.585,4.6,4.58,4.58,3800
1575646200000,4.5915,4.61,4.5915,4.61,300
1575647100000,4.6,4.6,4.6,4.6,355
1575648900000,4.6,4.6,4.585,4.585,700
1575650700000,4.565,4.565,4.565,4.565,200
1575651600000,4.57,4.57,4.57,4.57,300
1575652500000,4.575,4.58,4.575,4.58,467
1575654300000,4.57,4.57,4.558,4.558,500
1575655200000,4.5584,4.56,4.55,4.56,1046
1575656100000,4.5573,4.56,4.51,4.51,12600
1575658800000,4.51,4.53,4.51,4.5253,1622
1575659700000,4.52,4.52,4.52,4.52,100
1575660600000,4.52,4.53,4.52,4.53,1122
1575661500000,4.54,4.54,4.54,4.54,200
1575662400000,4.54,4.54,4.53,4.53,2000
1575663300000,4.55,4.55,4.55,4.55,200
1575664200000,4.5395,4.5395,4.53,4.53,323
1575665100000,4.53,4.55,4.53,4.53,2892
1575901800000,4.57,4.58,4.57,4.58,1841
1575902700000,4.59,4.62,4.59,4.6155,600
1575904500000,4.62,4.62,4.6104,4.6104,2401
1575905400000,4.59,4.59,4.58,4.58,400
1575906300000,4.58,4.58,4.58,4.58,600
1575907200000,4.57,4.57,4.56,4.57,300
1575909900000,4.58,4.6,4.58,4.6,1750
1575910800000,4.5975,4.6,4.5975,4.6,225
1575911700000,4.6,4.6,4.6,4.6,481
1575913500000,4.61,4.63,4.61,4.63,600
1575914400000,4.61,4.61,4.61,4.61,726
1575915300000,4.6,4.6,4.58,4.58,800
1575917100000,4.59,4.59,4.59,4.59,500
1575918000000,4.58,4.58,4.57,4.57,776
1575918900000,4.57,4.5701,4.55,4.55,1116
1575921600000,4.55,4.56,4.55,4.56,440
1575922500000,4.57,4.57,4.57,4.57,100
1575923400000,4.57,4.57,4.55,4.55,200
1575924300000,4.57,4.57,4.56,4.56,600
1575988200000,4.56,4.5816,4.56,4.5816,2130
1575989100000,4.54,4.54,4.54,4.54,200
1575990000000,4.51,4.51,4.42,4.44,10464
1575990900000,4.44,4.44,4.43,4.43,400
1575991800000,4.43,4.43,4.42,4.42,704
1575992700000,4.41,4.41,4.41,4.41,100
1575993600000,4.41,4.413,4.4,4.4,9104
1575994500000,4.41,4.41,4.37,4.37,2200
1575995400000,4.37,4.37,4.37,4.37,200
1575996300000,4.3882,4.39,4.37,4.39,2626
1575997200000,4.43,4.45,4.4055,4.4055,5219
1575998100000,4.39,4.3968,4.39,4.39,3700
1575999000000,4.3902,4.4015,4.39,4.39,4100
1575999900000,4.4026,4.4026,4.4,4.4,600
1576000800000,4.41,4.41,4.39,4.39,2390
1576002600000,4.39,4.39,4.39,4.39,100
1576003500000,4.4,4.4,4.37,4.37,1200
1576004400000,4.39,4.4,4.3873,4.3873,1826
1576005300000,4.398,4.42,4.398,4.406,2702
1576006200000,4.41,4.41,4.37,4.41,6279
1576007100000,4.41,4.43,4.41,4.42,300
1576008000000,4.4217,4.4227,4.41,4.4225,1400
1576008900000,4.41,4.41,4.41,4.41,100
1576009800000,4.421,4.421,4.39,4.4,1904
1576010700000,4.4,4.42,4.4,4.42,1330
1576074600000,4.54,4.56,4.52,4.55,12040
1576075500000,4.5506,4.58,4.5506,4.56,5607
1576076400000,4.569,4.569,4.5,4.5,2214
1576077300000,4.5,4.53,4.5,4.53,1612
1576078200000,4.55,4.57,4.55,4.57,600
1576080000000,4.58,4.58,4.57,4.57,2000
1576080900000,4.57,4.58,4.564,4.58,2100
1576081800000,4.61,4.62,4.61,4.62,400
1576082700000,4.61,4.6366,4.6077,4.62,4100
1576083600000,4.61,4.64,4.61,4.64,300
1576084500000,4.6169,4.64,4.6167,4.6398,1500
1576085400000,4.63,4.63,4.63,4.63,100
1576086300000,4.61,4.61,4.61,4.61,100
1576087200000,4.6001,4.6035,4.6001,4.6035,1000
1576088100000,4.605,4.61,4.6,4.6053,3267
1576089900000,4.6,4.605,4.6,4.605,200
1576090800000,4.61,4.61,4.605,4.61,2121
1576091700000,4.6256,4.6774,4.6187,4.6774,11679
1576092600000,4.6576,4.6948,4.6576,4.6948,3806
1576093500000,4.7,4.7,4.7,4.7,6910
1576094400000,4.7,4.73,4.7,4.7,3900
1576095300000,4.7135,4.7135,4.7,4.7,4300
1576096200000,4.73,4.73,4.7,4.73,599
1576097100000,4.73,4.73,4.71,4.73,2820
1576161000000,4.75,4.75,4.66,4.66,7586
1576161900000,4.67,4.67,4.6301,4.6375,1500
1576162800000,4.64,4.64,4.55,4.55,6300
1576163700000,4.5501,4.6001,4.5501,4.6,4760
1576164600000,4.5953,4.5953,4.585,4.59,6496
1576165500000,4.61,4.61,4.59,4.59,500
1576166400000,4.589,4.6,4.589,4.6,200
1576167300000,4.5933,4.5933,4.5933,4.5933,500
1576168200000,4.6,4.61,4.6,4.61,743
1576169100000,4.61,4.61,4.6023,4.6023,1295
1576170000000,4.6016,4.6227,4.6016,4.6227,950
1576170900000,4.63,4.63,4.63,4.63,400
1576171800000,4.63,4.65,4.63,4.64,400
1576172700000,4.64,4.64,4.62,4.62,1081
1576173600000,4.62,4.62,4.62,4.62,100
1576175400000,4.63,4.63,4.63,4.63,200
1576177200000,4.6232,4.6241,4.57,4.57,17193
1576178100000,4.59,4.59,4.59,4.59,100
1576179000000,4.584,4.584,4.584,4.584,1350
1576179900000,4.58,4.58,4.54,4.54,2770
1576182600000,4.54,4.5478,4.54,4.5478,2300
1576183500000,4.54,4.55,4.5,4.54,10871
1576247400000,4.4,4.53,4.38,4.53,14645
1576248300000,4.53,4.55,4.5029,4.55,11186
1576249200000,4.55,4.5531,4.55,4.55,3055
1576250100000,4.55,4.5501,4.55,4.5501,6500
1576251000000,4.55,4.57,4.55,4.57,1000
1576251900000,4.55,4.55,4.55,4.55,100
1576252800000,4.565,4.5797,4.5646,4.5797,2386
1576253700000,4.57,4.57,4.57,4.57,800
1576256400000,4.56,4.56,4.56,4.56,100
1576257300000,4.575,4.59,4.575,4.59,321
1576258200000,4.58,4.59,4.56,4.56,2400
1576259100000,4.55,4.55,4.55,4.55,500
1576260000000,4.55,4.56,4.55,4.56,3165
1576260900000,4.555,4.59,4.555,4.59,6458
1576261800000,4.5898,4.5898,4.5802,4.5802,729
1576262700000,4.6,4.6,4.6,4.6,800
1576263600000,4.6,4.6,4.6,4.6,3300
1576264500000,4.6,4.6,4.59,4.59,1200
1576265400000,4.59,4.6006,4.59,4.6006,600
1576266300000,4.61,4.6288,4.58,4.6,8735
1576267200000,4.6,4.6,4.6,4.6,300
1576268100000,4.6,4.6,4.59,4.5923,3400
1576269000000,4.59,4.6,4.59,4.6,1800
1576269900000,4.6,4.62,4.6,4.6,10959
1576506600000,4.56,4.5643,4.54,4.54,2385
1576509300000,4.54,4.54,4.53,4.53,301
1576510200000,4.5,4.5,4.48,4.4978,891
1576511100000,4.4868,4.49,4.47,4.47,1296
1576512900000,4.51,4.51,4.51,4.51,1014
1576514700000,4.51,4.51,4.51,4.51,550
1576515600000,4.49,4.49,4.49,4.49,100
1576516500000,4.4905,4.4905,4.4905,4.4905,500
1576517400000,4.49,4.49,4.49,4.49,502
1576519200000,4.5,4.51,4.5,4.505,920
1576521900000,4.5,4.52,4.5,4.52,4300
1576522800000,4.52,4.52,4.51,4.52,6800
1576524600000,4.52,4.52,4.52,4.52,100
1576529100000,4.52,4.535,4.52,4.53,7306
1576593000000,4.65,4.67,4.59,4.6461,7033
1576593900000,4.67,4.67,4.63,4.63,1166
1576594800000,4.645,4.6525,4.63,4.6525,2250
1576595700000,4.65,4.66,4.65,4.66,7091
1576596600000,4.67,4.67,4.66,4.665,850
1576597500000,4.67,4.67,4.67,4.67,600
1576598400000,4.68,4.69,4.6765,4.69,6119
1576599300000,4.71,4.73,4.7,4.72,6192
1576600200000,4.7183,4.72,4.7,4.71,3250
1576601100000,4.7,4.7,4.66,4.66,4800
1576602900000,4.66,4.66,4.65,4.65,1100
1576603800000,4.6631,4.67,4.6631,4.67,2108
1576604700000,4.67,4.67,4.67,4.67,100
1576605600000,4.6762,4.69,4.6762,4.69,300
1576606500000,4.67,4.67,4.67,4.67,100
1576607400000,4.6833,4.69,4.6833,4.69,1200
1576608300000,4.69,4.69,4.68,4.68,200
1576609200000,4.66,4.66,4.66,4.66,200
1576610100000,4.66,4.6698,4.66,4.665,4782
1576611000000,4.66,4.665,4.65,4.65,17004
1576611900000,4.65,4.65,4.62,4.62,6003
1576612800000,4.63,4.63,4.62,4.62,1168
1576613700000,4.62,4.64,4.62,4.64,687
1576614600000,4.64,4.64,4.63,4.635,2247
1576615500000,4.635,4.635,4.6,4.62,2781
1576679400000,4.62,4.73,4.62,4.69,3849
1576680300000,4.69,4.7,4.64,4.6833,17224
1576681200000,4.7,4.72,4.69,4.7049,4226
1576682100000,4.69,4.69,4.68,4.68,400
1576683000000,4.68,4.72,4.68,4.72,700
1576683900000,4.72,4.7353,4.72,4.72,2600
1576684800000,4.7148,4.721,4.7,4.7,700
1576685700000,4.7,4.7,4.7,4.7,100
1576687500000,4.71,4.725,4.71,4.7202,3294
1576688400000,4.72,4.72,4.7,4.72,11228
1576689300000,4.7,4.7,4.7,4.7,400
1576690200000,4.7,4.719,4.7,4.719,1068
1576691100000,4.71,4.71,4.71,4.71,100
1576692000000,4.7,4.7,4.7,4.7,300
1576692900000,4.7,4.7,4.7,4.7,100
1576694700000,4.71,4.71,4.7,4.7,610
1576695600000,4.7,4.7,4.7,4.7,200
1576696500000,4.717,4.72,4.717,4.72,400
1576697400000,4.7,4.7,4.7,4.7,300
1576698300000,4.7001,4.72,4.7,4.72,2500
1576699200000,4.7137,4.7137,4.71,4.71,373
1576700100000,4.71,4.72,4.71,4.72,200
1576701000000,4.73,4.73,4.71,4.72,3360
1576701900000,4.72,4.74,4.72,4.74,3554
1576765800000,4.71,4.73,4.71,4.73,4100
1576767600000,4.7226,4.73,4.7226,4.73,2939
1576768500000,4.725,4.725,4.725,4.725,100
1576770300000,4.7117,4.7117,4.71,4.71,1022
1576772100000,4.71,4.72,4.71,4.715,400
1576773000000,4.71,4.71,4.71,4.71,2680
1576773900000,4.71,4.71,4.71,4.71,200
1576774800000,4.715,4.715,4.715,4.715,100
1576775700000,4.715,4.7266,4.71,4.72,2700
1576776600000,4.72,4.73,4.72,4.7205,1300
1576777500000,4.7115,4.72,4.7115,4.72,500
1576779300000,4.725,4.725,4.725,4.725,200
1576780200000,4.73,4.73,4.72,4.72,1133
1576781100000,4.7191,4.73,4.7191,4.73,1060
1576782000000,4.71,4.71,4.71,4.71,100
1576782900000,4.715,4.72,4.715,4.7199,4269
1576784700000,4.73,4.73,4.73,4.73,200
1576785600000,4.73,4.7322,4.73,4.7322,1100
1576786500000,4.735,4.735,4.735,4.735,100
1576787400000,4.74,4.74,4.72,4.72,800
1576788300000,4.73,4.7397,4.71,4.7397,2770
1576852200000,4.76,4.76,4.76,4.76,4974
1576854000000,4.75,4.75,4.75,4.75,200
1576855800000,4.75,4.75,4.74,4.74,200
1576856700000,4.75,4.75,4.74,4.75,803
1576857600000,4.745,4.745,4.745,4.745,200
1576858500000,4.74,4.745,4.74,4.745,500
1576859400000,4.75,4.75,4.74,4.74,3237
1576860300000,4.74,4.74,4.74,4.74,100
1576861200000,4.74,4.74,4.74,4.74,100
1576862100000,4.76,4.77,4.74,4.75,7463
1576863000000,4.75,4.75,4.75,4.75,330
1576863900000,4.7554,4.77,4.75,4.77,2508
1576865700000,4.75,4.7501,4.745,4.75,6800
1576866600000,4.75,4.7541,4.74,4.74,1500
1576867500000,4.74,4.76,4.74,4.76,2600
1576868400000,4.7509,4.7566,4.7509,4.7566,1900
1576869300000,4.75,4.755,4.75,4.75,8300
1576870200000,4.74,4.74,4.74,4.74,200
1576871100000,4.74,4.74,4.74,4.74,100
1576872000000,4.75,4.75,4.74,4.74,550
1576872900000,4.76,4.76,4.74,4.75,433
1576873800000,4.75,4.75,4.75,4.75,187
1576874700000,4.75,4.75,4.72,4.75,4559
1577111400000,4.77,4.82,4.77,4.79,6797
1577112300000,4.81,4.8171,4.81,4.8171,1400
1577113200000,4.81,4.82,4.81,4.82,2747
1577114100000,4.8205,4.829,4.81,4.8153,1821
1577115000000,4.81,4.82,4.8099,4.82,1407
1577117700000,4.8011,4.8262,4.8011,4.82,16279
1577118600000,4.81,4.83,4.81,4.83,2200
1577119500000,4.83,4.84,4.81,4.84,1800
1577120400000,4.85,4.87,4.85,4.87,1300
1577121300000,4.86,4.88,4.86,4.88,1300
1577122200000,4.8799,4.88,4.86,4.86,700
1577123100000,4.86,4.86,4.86,4.86,500
1577124000000,4.8494,4.8494,4.84,4.84,1128
1577124900000,4.84,4.85,4.84,4.84,900
1577125800000,4.85,4.86,4.85,4.86,1000
1577126700000,4.85,4.8501,4.85,4.85,4100
1577127600000,4.85,4.85,4.85,4.85,400
1577128500000,4.85,4.85,4.83,4.84,1285
1577129400000,4.83,4.8485,4.83,4.8485,1100
1577130300000,4.83,4.83,4.83,4.83,100
1577131200000,4.8376,4.85,4.8376,4.84,1800
1577132100000,4.83,4.84,4.83,4.84,600
1577133000000,4.85,4.8521,4.85,4.8521,800
1577133900000,4.85,4.85,4.83,4.835,8929
1577197800000,4.9,4.95,4.8829,4.94,20426
1577198700000,4.94,5.06,4.94,5.05,37173
1577199600000,5.0484,5.17,5.04,5.09,35094
1577200500000,5.06,5.08,5.02,5.02,5694
1577201400000,5.01,5.0509,4.99,5.0509,4793
1577202300000,5.05,5.08,5.05,5.079,1700
1577203200000,5.08,5.09,5.07,5.09,6582
1577204100000,5.09,5.11,5.09,5.1,5375
1577205000000,5.095,5.1,5.08,5.1,2000
1577205900000,5.1,5.1,5.09,5.09,2000
1577206800000,5.08,5.1,5.08,5.1,2892
1577207700000,5.09,5.1,5.09,5.1,4700
1577208600000,5.0935,5.12,5.09,5.12,6600
1577209500000,5.12,5.12,5.1,5.11,13113
1577210400000,5.12,5.12,5.12,5.12,304
1577370600000,5.17,5.18,5.14,5.1731,11019
1577371500000,5.16,5.165,5.14,5.16,3449
1577372400000,5.175,5.18,5.16,5.17,4350
1577373300000,5.17,5.2,5.16,5.18,7006
1577374200000,5.18,5.19,5.18,5.19,1000
1577375100000,5.2,5.21,5.19,5.21,18041
1577376000000,5.21,5.21,5.18,5.2,6768
1577376900000,5.21,5.21,5.13,5.13,10362
1577377800000,5.15,5.17,5.13,5.17,4357
1577378700000,5.17,5.21,5.17,5.21,3633
1577379600000,5.22,5.24,5.21,5.2331,2424
1577380500000,5.24,5.25,5.22,5.22,3422
1577381400000,5.239,5.24,5.2,5.21,6434
1577382300000,5.2297,5.2297,5.2,5.2094,2299
1577383200000,5.2241,5.2241,5.21,5.21,500
1577384100000,5.23,5.2341,5.23,5.2341,1371
1577385000000,5.236,5.25,5.23,5.24,4679
1577385900000,5.24,5.24,5.23,5.23,490
1577386800000,5.2257,5.2257,5.2257,5.2257,350
1577387700000,5.22,5.2366,5.22,5.2366,2300
1577388600000,5.21,5.21,5.1914,5.1914,4676
1577389500000,5.2058,5.22,5.2,5.2,2200
1577390400000,5.22,5.22,5.22,5.22,1100
1577391300000,5.22,5.23,5.22,5.22,700
1577392200000,5.22,5.24,5.22,5.22,1000
1577393100000,5.22,5.24,5.21,5.24,5891
1577457000000,5.19,5.19,5.125,5.125,7282
1577457900000,5.1239,5.125,5.1,5.12,1050
1577458800000,5.12,5.2,5.1,5.2,5372
1577459700000,5.17,5.2,5.17,5.2,7630
1577460600000,5.16,5.18,5.16,5.18,400
1577461500000,5.18,5.2,5.14,5.15,3670
1577462400000,5.145,5.18,5.13,5.165,4200
1577463300000,5.1792,5.1792,5.15,5.15,5008
1577464200000,5.178,5.22,5.165,5.2,9561
1577465100000,5.2062,5.2062,5.2,5.2,3600
1577466000000,5.19,5.19,5.19,5.19,300
1577466900000,5.195,5.195,5.17,5.1802,2805
1577467800000,5.18,5.18,5.17,5.17,600
1577468700000,5.18,5.22,5.18,5.22,2960
1577469600000,5.21,5.222,5.2,5.21,8200
1577470500000,5.21,5.21,5.21,5.21,200
1577471400000,5.21,5.22,5.18,5.18,3096
1577472300000,5.18,5.19,5.17,5.18,2000
1577473200000,5.1732,5.19,5.17,5.1769,680
1577474100000,5.18,5.22,5.17,5.205,3197
1577475000000,5.2,5.207,5.19,5.207,433
1577475900000,5.19,5.22,5.19,5.2,500
1577476800000,5.2,5.23,5.1951,5.2299,5025
1577477700000,5.22,5.22,5.2044,5.22,4837
1577478600000,5.23,5.23,5.21,5.21,4255
1577479500000,5.215,5.215,5.18,5.19,14924
1577716200000,5.04,5.08,5.02,5.07,10710
1577717100000,5.06,5.06,5.02,5.02,2955
1577718000000,5.036,5.1244,5.036,5.11,7005
1577718900000,5.1489,5.2,5.1489,5.2,8762
1577719800000,5.2,5.24,5.2,5.24,1122
1577720700000,5.22,5.24,5.19,5.205,1976
1577721600000,5.2002,5.25,5.2002,5.21,8847
1577722500000,5.21,5.22,5.21,5.22,3760
1577723400000,5.22,5.23,5.21,5.22,2458
1577724300000,5.23,5.23,5.22,5.22,300
1577725200000,5.23,5.23,5.22,5.23,4980
1577726100000,5.23,5.24,5.22,5.22,5885
1577727000000,5.225,5.23,5.215,5.22,4782
1577727900000,5.21,5.23,5.21,5.22,400
1577728800000,5.22,5.22,5.21,5.22,400
1577729700000,5.21,5.22,5.21,5.22,1200
1577730600000,5.22,5.23,5.2174,5.225,2772
1577731500000,5.225,5.23,5.2201,5.225,5121
1577732400000,5.22,5.24,5.22,5.23,2802
1577733300000,5.23,5.23,5.22,5.22,200
1577734200000,5.22,5.26,5.22,5.25,38503
1577735100000,5.245,5.27,5.245,5.26,17603
1577736000000,5.26,5.27,5.25,5.27,3907
1577736900000,5.27,5.27,5.25,5.27,1419
1577737800000,5.26,5.27,5.24,5.27,12745
1577738700000,5.27,5.31,5.27,5.31,19485
1577802600000,5.32,5.35,5.24,5.24,3532
1577803500000,5.22,5.223,5.1741,5.1981,3405
1577804400000,5.1,5.16,5.1,5.16,12648
1577805300000,5.17,5.22,5.17,5.19,1800
1577806200000,5.2,5.2417,5.2,5.22,2076
1577807100000,5.22,5.22,5.19,5.1942,3207
1577808000000,5.2,5.2,5.15,5.15,5416
1577808900000,5.16,5.18,5.145,5.165,8899
1577809800000,5.17,5.1866,5.17,5.1866,500
1577810700000,5.17,5.17,5.12,5.12,9800
1577811600000,5.12,5.136,5.12,5.12,5977
1577812500000,5.12,5.1315,5.07,5.07,14308
1577813400000,5.06,5.1,5.05,5.1,4576
1577814300000,5.11,5.11,5.11,5.11,300
1577815200000,5.11,5.11,5.09,5.105,900
1577816100000,5.105,5.11,5.105,5.11,200
1577817000000,5.1,5.1,5.1,5.1,400
1577817900000,5.12,5.12,5.115,5.115,300
1577818800000,5.11,5.11,5.09,5.1,3299
1577819700000,5.11,5.11,5.11,5.11,600
1577820600000,5.115,5.115,5.1,5.1075,1000
1577821500000,5.1067,5.14,5.1067,5.14,2534
1577822400000,5.14,5.1435,5.13,5.13,800
1577823300000,5.12,5.13,5.12,5.12,500
1577824200000,5.122,5.122,5.11,5.11,1860
1577825100000,5.12,5.1445,5.11,5.13,5910
1577975400000,5.27,5.36,5.26,5.36,17345
1577976300000,5.33,5.37,5.32,5.3201,4164
1577977200000,5.3,5.3745,5.275,5.3548,10396
1577978100000,5.35,5.39,5.35,5.3896,15753
1577979000000,5.39,5.425,5.39,5.41,7247
1577979900000,5.41,5.42,5.3927,5.42,1962
1577980800000,5.41,5.4198,5.38,5.38,3615
1577981700000,5.4,5.41,5.38,5.405,7318
1577982600000,5.4,5.4,5.38,5.38,2735
1577983500000,5.38,5.39,5.375,5.38,3711
1577984400000,5.37,5.38,5.37,5.37,8484
1577985300000,5.375,5.375,5.35,5.35,3950
1577986200000,5.37,5.39,5.37,5.3896,3213
1577987100000,5.3879,5.41,5.3701,5.41,7733
1577988000000,5.3875,5.3999,5.38,5.39,1150
1577988900000,5.38,5.4,5.37,5.39,5279
1577989800000,5.39,5.39,5.39,5.39,3200
1577990700000,5.3998,5.41,5.3891,5.4,5505
1577991600000,5.4,5.41,5.4,5.41,12153
1577992500000,5.41,5.41,5.38,5.41,4015
1577993400000,5.395,5.4183,5.395,5.4183,3940
1577994300000,5.41,5.41,5.4,5.4,484
1577995200000,5.41,5.41,5.4,5.41,590
1577996100000,5.405,5.41,5.4,5.41,20008
1577997000000,5.41,5.42,5.39,5.39,12018
1577997900000,5.4,5.42,5.39,5.41,13487
1578061800000,5.6,5.63,5.5613,5.6169,18067
1578062700000,5.61,5.61,5.575,5.6,28616
1578063600000,5.59,5.64,5.58,5.6399,33558
1578064500000,5.62,5.62,5.62,5.62,1000
1578065400000,5.62,5.62,5.59,5.59,12152
1578066300000,5.58,5.6,5.58,5.6,4965
1578067200000,5.6,5.605,5.59,5.6,6141
1578068100000,5.585,5.59,5.56,5.57,25327
1578069000000,5.58,5.6,5.58,5.6,3700
1578069900000,5.58,5.585,5.58,5.58,903
1578070800000,5.575,5.575,5.52,5.54,8869
1578071700000,5.53,5.5302,5.49,5.51,10700
1578072600000,5.51,5.51,5.49,5.49,1200
1578073500000,5.4906,5.52,5.4906,5.52,6694
1578074400000,5.5134,5.55,5.5134,5.55,10699
1578075300000,5.55,5.55,5.53,5.55,5504
1578076200000,5.5413,5.57,5.54,5.5616,4750
1578077100000,5.57,5.57,5.565,5.5699,5600
1578078000000,5.5638,5.565,5.53,5.5401,9504
1578078900000,5.53,5.53,5.51,5.52,300
1578079800000,5.5157,5.52,5.4673,5.48,7164
1578080700000,5.4601,5.48,5.46,5.47,2550
1578081600000,5.48,5.48,5.46,5.46,1600
1578082500000,5.4614,5.52,5.45,5.51,13946
1578083400000,5.5074,5.51,5.47,5.49,5758
1578084300000,5.49,5.5,5.46,5.47,16443
1578321000000,5.79,5.84,5.72,5.74,25754
1578321900000,5.74,5.74,5.7148,5.74,4930
1578322800000,5.73,5.73,5.69,5.7203,5700
1578323700000,5.715,5.715,5.66,5.66,5955
1578324600000,5.62,5.62,5.56,5.56,17258
1578325500000,5.5761,5.5879,5.56,5.5879,5250
1578326400000,5.585,5.6,5.56,5.57,4715
1578327300000,5.5697,5.58,5.5683,5.58,2500
1578328200000,5.57,5.58,5.56,5.5735,2930
1578329100000,5.58,5.6,5.56,5.6,3977
1578330000000,5.61,5.63,5.5886,5.5886,3267
1578330900000,5.57,5.6,5.57,5.6,2200
1578331800000,5.57,5.57,5.57,5.57,100
1578332700000,5.59,5.6316,5.59,5.6197,11770
1578333600000,5.625,5.625,5.61,5.6207,2460
1578334500000,5.625,5.64,5.625,5.6301,1230
1578335400000,5.61,5.67,5.61,5.665,3484
1578336300000,5.665,5.67,5.62,5.62,8688
1578337200000,5.63,5.64,5.63,5.63,700
1578338100000,5.63,5.6399,5.62,5.62,400
1578339000000,5.62,5.62,5.6,5.6,6102
1578339900000,5.6,5.6,5.6,5.6,838
1578340800000,5.6,5.605,5.6,5.605,600
1578341700000,5.6,5.61,5.58,5.58,3800
1578342600000,5.5904,5.63,5.58,5.6132,3940
1578343500000,5.62,5.64,5.6,5.64,5498
1578407400000,5.74,5.75,5.67,5.7467,16612
1578408300000,5.76,5.78,5.72,5.73,6393
1578409200000,5.72,5.76,5.68,5.73,12320
1578410100000,5.7159,5.72,5.7,5.72,1398
1578411000000,5.74,5.74,5.6896,5.74,6100
1578411900000,5.71,5.73,5.71,5.71,400
1578412800000,5.715,5.73,5.715,5.73,3700
1578413700000,5.73,5.74,5.705,5.709,10038
1578414600000,5.71,5.71,5.68,5.69,2900
1578415500000,5.7,5.73,5.7,5.73,3516
1578416400000,5.73,5.74,5.7221,5.7221,23753
1578417300000,5.72,5.72,5.7129,5.72,1350
1578418200000,5.71,5.72,5.71,5.72,1312
1578419100000,5.715,5.7299,5.715,5.7161,3989
1578420000000,5.72,5.72,5.72,5.72,100
1578420900000,5.72,5.72,5.6935,5.695,2222
1578421800000,5.69,5.69,5.69,5.69,200
1578422700000,5.6965,5.71,5.6965,5.71,891
1578423600000,5.705,5.7199,5.6874,5.6874,6230
1578424500000,5.685,5.685,5.67,5.67,200
1578425400000,5.67,5.7,5.67,5.6876,2700
1578426300000,5.6887,5.73,5.685,5.71,6232
1578427200000,5.7033,5.7033,5.69,5.69,1200
1578428100000,5.6833,5.6833,5.67,5.68,860
1578429000000,5.67,5.68,5.67,5.67,700
1578429900000,5.67,5.7,5.665,5.69,13159
1578493800000,5.71,5.71,5.47,5.47,20931
1578494700000,5.47,5.559,5.46,5.559,6280
1578495600000,5.538,5.5622,5.538,5.56,8474
1578496500000,5.57,5.57,5.56,5.5608,1300
1578497400000,5.58,5.6587,5.57,5.6587,22210
1578498300000,5.65,5.6567,5.6299,5.6299,9715
1578499200000,5.6078,5.6078,5.57,5.5832,17193
1578500100000,5.5899,5.59,5.57,5.57,10119
1578501000000,5.5832,5.6095,5.52,5.5361,19397
1578501900000,5.52,5.5399,5.41,5.4355,37133
1578502800000,5.4389,5.46,5.4201,5.46,8010
1578503700000,5.5,5.54,5.5,5.5125,16060
1578504600000,5.51,5.52,5.51,5.515,8711
1578505500000,5.5131,5.5131,5.48,5.51,2092
1578506400000,5.51,5.5199,5.4961,5.5161,6692
1578507300000,5.5049,5.5067,5.48,5.4992,4262
1578508200000,5.5009,5.5098,5.48,5.4854,5300
1578509100000,5.4863,5.51,5.485,5.4981,4844
1578510000000,5.49,5.5,5.4784,5.4784,3632
1578510900000,5.46,5.4709,5.46,5.46,1100
1578511800000,5.45,5.4629,5.45,5.45,380
1578512700000,5.45,5.455,5.43,5.44,7119
1578513600000,5.43,5.46,5.43,5.46,4490
1578514500000,5.4502,5.47,5.45,5.47,2068
1578515400000,5.46,5.5,5.45,5.5,5099
1578516300000,5.51,5.53,5.5081,5.52,8917
1578580200000,5.43,5.44,5.41,5.4331,24429
1578581100000,5.4417,5.4485,5.42,5.43,5020
1578582000000,5.4546,5.467,5.44,5.44,2177
1578582900000,5.4399,5.4499,5.4288,5.4398,4160
1578583800000,5.42,5.43,5.41,5.41,2100
1578584700000,5.41,5.415,5.3825,5.4,15484
1578585600000,5.385,5.415,5.38,5.41,7002
1578586500000,5.4166,5.5,5.4166,5.5,20711
1578587400000,5.5129,5.52,5.4885,5.5,7165
1578588300000,5.5095,5.5095,5.46,5.46,1221
1578589200000,5.4797,5.4898,5.465,5.4892,1890
1578590100000,5.46,5.4748,5.46,5.4725,2483
1578591000000,5.4758,5.4758,5.45,5.45,2500
1578591900000,5.45,5.46,5.45,5.46,300
1578592800000,5.44,5.44,5.44,5.44,190
1578593700000,5.44,5.48,5.44,5.4793,3800
1578594600000,5.46,5.46,5.44,5.44,800
1578595500000,5.44,5.44,5.44,5.44,100
1578597300000,5.46,5.46,5.46,5.46,200
1578598200000,5.46,5.4622,5.46,5.4622,506
1578599100000,5.47,5.47,5.44,5.45,2230
1578600000000,5.45,5.5,5.45,5.5,8443
1578600900000,5.51,5.51,5.49,5.5,3077
1578601800000,5.49,5.5002,5.49,5.5,3300
1578602700000,5.5,5.5,5.48,5.4861,4125
1578666600000,5.64,5.6799,5.61,5.66,9988
1578668400000,5.69,5.83,5.69,5.82,20304
1578669300000,5.83,5.84,5.7801,5.8,11933
1578670200000,5.8181,5.83,5.8,5.83,3572
1578671100000,5.83,5.84,5.827,5.84,7400
1578672000000,5.835,5.88,5.835,5.87,20881
1578672900000,5.87,5.95,5.8634,5.9119,22251
1578673800000,5.935,5.95,5.92,5.95,500
1578674700000,5.95,6.025,5.95,6.025,18090
1578675600000,6.03,6.08,6.0,6.0025,66676
1578676500000,6.01,6.09,6.01,6.03,30800
1578677400000,6.0253,6.0277,6.0001,6.0199,5201
1578678300000,6.0276,6.0276,6.0108,6.0108,1250
1578679200000,6.0157,6.02,6.01,6.01,2600
1578680100000,6.0,6.02,6.0,6.0024,4667
1578681000000,6.0,6.0175,5.99,6.0054,8648
1578681900000,6.005,6.02,6.005,6.01,5000
1578682800000,6.0087,6.01,6.0,6.01,3472
1578683700000,6.0155,6.04,6.015,6.0373,2375
1578684600000,6.03,6.04,6.02,6.025,5355
1578685500000,6.02,6.06,6.02,6.0485,1829
1578686400000,6.05,6.05,5.98,6.0,9232
1578687300000,6.0,6.015,5.96,5.98,7610
1578688200000,5.98,6.03,5.975,6.02,10911
1578689100000,6.04,6.06,6.03,6.06,27999
1578925800000,6.03,6.05,5.99,6.02,54537
1578926700000,6.02,6.1,6.01,6.0593,26088
1578927600000,6.06,6.0745,6.03,6.0587,10424
1578928500000,6.0501,6.08,6.01,6.02,37366
1578929400000,6.03,6.06,6.01,6.0593,9275
1578930300000,6.06,6.06,6.01,6.0236,4750
1578931200000,6.02,6.06,6.02,6.06,2312
1578932100000,6.06,6.0631,6.02,6.03,3904
1578933000000,6.03,6.05,6.02,6.02,4148
1578933900000,6.04,6.04,6.01,6.01,3431
1578934800000,6.005,6.04,5.9946,6.04,9767
1578935700000,6.02,6.06,6.02,6.0598,4500
1578936600000,6.05,6.06,6.05,6.06,300
1578937500000,6.055,6.06,6.05,6.05,3732
1578938400000,6.06,6.065,6.05,6.06,4844
1578939300000,6.06,6.06,6.0201,6.0201,5930
1578940200000,6.03,6.04,6.03,6.03,1716
1578941100000,6.0142,6.02,6.01,6.02,730
1578942000000,6.01,6.02,6.0,6.008,3070
1578942900000,6.01,6.02,6.0046,6.0046,3266
1578943800000,6.01,6.03,6.01,6.025,2771
1578944700000,6.0274,6.0274,6.0,6.02,2359
1578945600000,6.01,6.02,6.0095,6.015,3624
1578946500000,6.02,6.03,6.0119,6.025,7010
1578947400000,6.03,6.03,6.01,6.02,6710
1578948300000,6.02,6.03,6.0,6.0,10434
1579012200000,5.92,5.95,5.88,5.89,12949
1579013100000,5.94,5.94,5.94,5.94,200
1579014000000,5.91,5.9118,5.89,5.9,4224
1579014900000,5.88,5.9,5.88,5.9,870
1579015800000,5.85,5.87,5.81,5.85,19125
1579016700000,5.8491,5.8491,5.84,5.8463,1200
1579017600000,5.86,5.86,5.84,5.8469,1176
1579018500000,5.86,5.88,5.85,5.85,2200
1579019400000,5.86,5.86,5.84,5.84,3690
1579020300000,5.8399,5.84,5.81,5.81,3990
1579021200000,5.8,5.82,5.8,5.8124,5161
1579022100000,5.83,5.83,5.83,5.83,1111
1579023000000,5.83,5.83,5.81,5.81,1802
1579023900000,5.82,5.83,5.81,5.83,5300
1579024800000,5.82,5.83,5.81,5.82,1116
1579025700000,5.81,5.83,5.81,5.82,700
1579026600000,5.8263,5.83,5.81,5.826,5945
1579027500000,5.84,5.87,5.84,5.87,1800
1579028400000,5.84,5.88,5.84,5.88,1200
1579029300000,5.88,5.88,5.88,5.88,200
1579030200000,5.91,5.91,5.88,5.89,1120
1579031100000,5.89,5.9,5.89,5.89,541
1579032000000,5.88,5.8955,5.88,5.88,6140
1579032900000,5.88,5.8844,5.88,5.88,2349
1579033800000,5.885,5.91,5.885,5.9023,1720
1579034700000,5.91,5.95,5.91,5.93,5099
1579098600000,6.09,6.09,6.01,6.01,21297
1579099500000,6.03,6.04,5.98,5.98,2086
1579100400000,5.96,5.96,5.91,5.91,3989
1579101300000,5.9257,5.9257,5.88,5.88,1593
1579102200000,5.86,5.88,5.86,5.88,2999
1579103100000,5.91,5.9408,5.91,5.9304,1700
1579104000000,5.9483,5.9483,5.925,5.925,2066
1579104900000,5.915,5.915,5.9,5.907,2000
1579105800000,5.9,5.92,5.9,5.92,200
1579106700000,5.91,5.96,5.91,5.943,22494
1579107600000,5.96,5.981,5.95,5.95,2324
1579108500000,6.01,6.02,6.01,6.02,200
1579109400000,5.9928,5.9954,5.9928,5.9954,1000
1579110300000,5.97,5.97,5.97,5.97,200
1579111200000,6.0,6.065,5.99,6.065,6266
1579112100000,6.06,6.06,6.0,6.0,3382
1579113000000,6.03,6.03,6.0093,6.03,1300
1579113900000,6.035,6.07,6.035,6.07,2328
1579114800000,6.04,6.06,6.04,6.05,11512
1579115700000,6.0631,6.07,6.0631,6.07,600
1579116600000,6.06,6.09,6.0506,6.0749,17912
1579117500000,6.06,6.06,6.06,6.06,1110
1579118400000,6.053,6.053,6.0102,6.0261,11755
1579119300000,6.03,6.0322,6.01,6.01,4177
1579120200000,6.0169,6.03,6.0169,6.03,2400
1579121100000,6.02,6.06,6.02,6.06,14518
1579185000000,6.0,6.0,5.95,5.95,9364
1579185900000,5.98,5.9991,5.96,5.9688,3940
1579186800000,5.99,6.0,5.96,5.96,1306
1579187700000,5.95,5.98,5.93,5.98,9204
1579188600000,5.94,6.02,5.94,5.9911,4700
1579189500000,5.96,5.96,5.96,5.96,400
1579190400000,5.95,5.95,5.95,5.95,700
1579191300000,5.95,6.05,5.95,6.0134,11879
1579192200000,6.02,6.02,6.02,6.02,200
1579193100000,6.02,6.02,6.01,6.01,900
1579194900000,6.0301,6.0301,5.99,5.99,5690
1579195800000,5.97,5.97,5.97,5.97,400
1579196700000,5.97,5.9989,5.96,5.99,5776
1579197600000,5.99,5.99,5.99,5.99,100
1579198500000,5.98,5.98,5.95,5.9799,925
1579199400000,5.94,5.94,5.94,5.94,100
1579200300000,5.95,5.97,5.94,5.955,6356
1579201200000,5.94,5.97,5.94,5.96,1330
1579202100000,5.97,5.98,5.97,5.98,1108
1579203000000,5.98,5.98,5.97,5.98,3028
1579203900000,5.98,5.98,5.97,5.98,600
1579204800000,5.98,5.98,5.96,5.98,3702
1579205700000,5.97,5.98,5.97,5.97,1865
1579206600000,5.97,5.98,5.97,5.975,2008
1579207500000,5.975,6.0,5.9686,5.98,16478
1579271400000,5.97,6.04,5.97,6.02,7413
1579272300000,5.99,6.02,5.99,6.02,500
1579273200000,6.02,6.02,5.966,5.97,1110
1579274100000,5.97,5.97,5.93,5.97,4550
1579275000000,5.97,5.97,5.93,5.96,1500
1579275900000,5.96,5.98,5.93,5.96,3011
1579276800000,5.96,5.96,5.94,5.94,1150
1579277700000,5.94,5.95,5.91,5.91,7526
1579278600000,5.9294,5.95,5.92,5.95,6475
1579279500000,5.943,5.9613,5.93,5.95,4260
1579281300000,5.96,5.97,5.94,5.951,3390
1579282200000,5.945,5.945,5.945,5.945,100
1579283100000,5.95,5.95,5.94,5.95,600
1579284000000,5.9508,5.9508,5.94,5.94,5150
1579284900000,5.94,5.95,5.93,5.95,2200
1579285800000,5.96,5.98,5.9555,5.98,1415
1579286700000,5.98,6.02,5.98,6.01,2792
1579287600000,6.0,6.01,5.99,5.9979,4340
1579289400000,5.99,6.0037,5.96,5.97,1900
1579290300000,5.99,5.99,5.975,5.975,203
1579291200000,5.97,5.97,5.97,5.97,200
1579292100000,5.99,5.99,5.97,5.97,1283
1579293000000,5.94,5.94,5.93,5.93,500
1579293900000,5.94,5.95,5.93,5.93,5951
1579617000000,5.83,5.83,5.75,5.7881,12537
1579617900000,5.79,5.79,5.7366,5.75,8462
1579618800000,5.75,5.8046,5.74,5.8046,14387
1579619700000,5.83,5.85,5.82,5.8271,4300
1579620600000,5.81,5.8169,5.78,5.81,8149
1579621500000,5.81,5.825,5.78,5.8,1787
1579622400000,5.7875,5.8,5.78,5.78,800
1579623300000,5.785,5.806,5.78,5.78,490
1579624200000,5.78,5.789,5.76,5.775,4780
1579625100000,5.76,5.76,5.76,5.76,200
1579626000000,5.7858,5.7858,5.77,5.77,340
1579626900000,5.76,5.8,5.76,5.8,1900
1579627800000,5.77,5.77,5.77,5.77,100
1579628700000,5.79,5.79,5.78,5.78,600
1579629600000,5.8,5.8,5.8,5.8,300
1579630500000,5.79,5.83,5.79,5.8,4662
1579631400000,5.8144,5.8144,5.8144,5.8144,400
1579632300000,5.83,5.83,5.81,5.83,3959
1579633200000,5.85,5.85,5.82,5.82,1348
1579635000000,5.82,5.825,5.81,5.825,400
1579635900000,5.81,5.8268,5.81,5.8268,391
1579636800000,5.8219,5.83,5.81,5.82,2036
1579637700000,5.84,5.89,5.83,5.8701,9450
1579638600000,5.87,5.89,5.85,5.85,880
1579639500000,5.85,5.87,5.85,5.87,2253
1579703400000,5.92,6.02,5.92,6.0,13415
1579704300000,5.99,6.0,5.98,5.98,3900
1579705200000,5.98,5.98,5.8709,5.8731,5680
1579706100000,5.83,5.86,5.83,5.86,209
1579707000000,5.845,5.86,5.845,5.86,1800
1579708800000,5.845,5.86,5.8404,5.86,1286
1579709700000,5.86,5.8774,5.85,5.8774,300
1579710600000,5.85,5.855,5.85,5.855,200
1579711500000,5.83,5.83,5.83,5.83,100
1579712400000,5.86,5.86,5.86,5.86,100
1579713300000,5.86,5.875,5.86,5.8736,350
1579714200000,5.88,5.88,5.86,5.86,600
1579715100000,5.86,5.87,5.86,5.86,300
1579716000000,5.87,5.87,5.87,5.87,500
1579716900000,5.85,5.855,5.85,5.855,300
1579717800000,5.86,5.8711,5.86,5.8711,400
1579719600000,5.87,5.87,5.87,5.87,100
1579720500000,5.89,5.9,5.88,5.88,1300
1579721400000,5.8936,5.8936,5.8936,5.8936,100
1579722300000,5.9,5.9,5.88,5.88,700
1579723200000,5.89,5.9,5.89,5.9,647
1579724100000,5.88,5.94,5.88,5.94,3630
1579725000000,5.92,5.94,5.92,5.94,1600
1579725900000,5.94,5.96,5.9201,5.96,2651
1579789800000,6.14,6.14,6.06,6.095,33007
1579790700000,6.12,6.25,6.06,6.25,44016
1579791600000,6.2001,6.2296,6.1057,6.13,19123
1579792500000,6.1617,6.17,6.0892,6.13,9981
1579793400000,6.13,6.13,6.095,6.12,1015
1579794300000,6.1,6.14,6.1,6.14,6025
1579795200000,6.14,6.14,6.09,6.12,13048
1579796100000,6.12,6.12,6.12,6.12,100
1579797000000,6.12,6.12,6.09,6.1,1700
1579797900000,6.085,6.13,6.04,6.13,23293
1579798800000,6.13,6.13,6.13,6.13,100
1579799700000,6.13,6.13,6.09,6.1,1423
1579800600000,6.1,6.1196,6.0901,6.0901,5200
1579801500000,6.12,6.12,6.12,6.12,1400
1579802400000,6.12,6.12,6.09,6.11,1150
1579803300000,6.12,6.12,6.0862,6.1,1200
1579804200000,6.09,6.1,6.02,6.02,13136
1579805100000,6.06,6.06,6.04,6.04,3500
1579806000000,6.03,6.035,5.98,5.98,3200
1579806900000,5.98,6.01,5.975,5.995,3278
1579807800000,6.0,6.01,6.0,6.01,1095
1579808700000,6.01,6.04,6.0,6.04,1300
1579809600000,6.055,6.07,6.055,6.07,200
1579810500000,6.04,6.07,6.02,6.02,5239
1579811400000,6.02,6.04,6.01,6.0361,8090
1579812300000,6.0195,6.04,6.01,6.04,7901
1579876200000,6.05,6.08,6.0481,6.07,4949
1579877100000,6.08,6.12,6.07,6.11,11549
1579878000000,6.11,6.15,6.11,6.14,6287
1579878900000,6.14,6.14,6.115,6.13,2488
1579879800000,6.14,6.16,6.12,6.12,9512
1579880700000,6.14,6.14,6.1233,6.13,1925
1579881600000,6.1,6.12,6.07,6.07,18580
1579882500000,6.11,6.11,6.11,6.11,200
1579883400000,6.08,6.1,6.08,6.1,725
1579884300000,6.0878,6.12,6.0878,6.12,8052
1579885200000,6.1284,6.135,6.12,6.1227,2357
1579886100000,6.13,6.13,6.11,6.11,2171
1579887000000,6.08,6.08,6.08,6.08,100
1579887900000,6.0507,6.0507,6.0455,6.0455,1140
1579888800000,6.056,6.056,6.03,6.03,230
1579889700000,6.05,6.0552,6.05,6.0552,2009
1579890600000,6.05,6.07,6.05,6.07,413
1579891500000,6.07,6.09,6.07,6.09,800
1579892400000,6.1,6.1,6.1,6.1,100
1579893300000,6.11,6.1217,6.11,6.12,7150
1579894200000,6.12,6.13,6.12,6.12,1360
1579895100000,6.15,6.15,6.12,6.1319,2625
1579896000000,6.125,6.125,6.11,6.11,6100
1579896900000,6.11,6.14,6.1,6.11,15243
1579897800000,6.1001,6.1306,6.1,6.1306,2908
1579898700000,6.11,6.14,6.11,6.11,2646
1580135400000,6.23,6.23,6.15,6.16,20721
1580136300000,6.14,6.15,6.09,6.12,12745
1580137200000,6.1338,6.1338,6.1338,6.1338,152
1580138100000,6.12,6.15,6.11,6.1473,3970
1580139000000,6.156,6.16,6.121,6.121,7700
1580139900000,6.13,6.14,6.1,6.12,4527
1580140800000,6.11,6.15,6.11,6.15,14500
1580141700000,6.11,6.13,6.11,6.11,10299
1580142600000,6.1396,6.1396,6.11,6.115,1571
1580143500000,6.1,6.1,6.07,6.07,875
1580144400000,6.1,6.1,6.0637,6.0637,200
1580145300000,6.06,6.0655,6.02,6.0655,10659
1580146200000,6.03,6.05,6.03,6.05,300
1580147100000,6.05,6.05,6.05,6.05,200
1580148000000,6.05,6.06,6.05,6.06,900
1580148900000,6.0582,6.06,6.0582,6.06,281
1580149800000,6.05,6.05,6.03,6.0302,1700
1580150700000,6.04,6.06,6.03,6.06,2815
1580151600000,6.05,6.05,6.04,6.045,1144
1580152500000,6.04,6.04,6.04,6.04,100
1580153400000,6.04,6.04,6.01,6.03,4359
1580154300000,6.045,6.045,6.045,6.045,100
1580155200000,6.03,6.07,6.03,6.05,1100
1580156100000,6.09,6.09,6.07,6.07,2435
1580157000000,6.07,6.0717,6.07,6.07,850
1580157900000,6.07,6.14,6.07,6.13,10812
1580221800000,5.81,5.9,5.7,5.86,37309
1580222700000,5.8699,5.89,5.8,5.82,5877
1580223600000,5.86,5.8809,5.73,5.76,6894
1580224500000,5.73,5.73,5.67,5.67,7667
1580225400000,5.6901,5.7299,5.6568,5.6634,14032
1580226300000,5.65,5.7031,5.6,5.7031,10525
1580227200000,5.68,5.74,5.68,5.74,7836
1580228100000,5.755,5.755,5.755,5.755,100
1580229000000,5.7471,5.76,5.74,5.74,2645
1580229900000,5.7431,5.745,5.72,5.7297,3344
1580230800000,5.725,5.74,5.72,5.73,5926
1580231700000,5.738,5.75,5.73,5.73,3294
1580232600000,5.75,5.75,5.73,5.73,765
1580233500000,5.73,5.73,5.71,5.71,4996
1580234400000,5.71,5.75,5.71,5.72,5088
1580235300000,5.72,5.76,5.72,5.76,1149
1580236200000,5.73,5.76,5.73,5.76,1200
1580237100000,5.77,5.77,5.76,5.76,400
1580238000000,5.77,5.77,5.77,5.77,100
1580238900000,5.7691,5.78,5.76,5.78,2187
1580239800000,5.77,5.77,5.75,5.75,200
1580240700000,5.76,5.8177,5.75,5.8,7787
1580241600000,5.8,5.81,5.8,5.805,1395
1580242500000,5.8,5.82,5.78,5.805,16277
1580243400000,5.81,5.81,5.78,5.78,1262
1580244300000,5.78,5.82,5.78,5.78,9536
1580308200000,5.86,5.94,5.86,5.885,9754
1580309100000,5.885,5.9508,5.87,5.9508,4200
1580310000000,5.95,5.98,5.86,5.86,5000
1580310900000,5.8764,5.8764,5.78,5.83,3504
1580311800000,5.84,5.84,5.78,5.7803,1036
1580312700000,5.78,5.795,5.75,5.75,2530
1580313600000,5.7699,5.81,5.7699,5.8,2975
1580314500000,5.81,5.81,5.79,5.79,1762
1580315400000,5.78,5.78,5.731,5.74,3327
1580316300000,5.76,5.78,5.76,5.78,4727
1580317200000,5.77,5.785,5.7,5.785,22860
1580318100000,5.79,5.79,5.78,5.79,1002
1580319000000,5.78,5.78,5.77,5.775,400
1580319900000,5.79,5.79,5.78,5.78,200
1580320800000,5.78,5.79,5.78,5.79,700
1580321700000,5.78,5.78,5.76,5.76,2000
1580322600000,5.76,5.775,5.75,5.77,2585
1580323500000,5.7713,5.79,5.7713,5.79,640
1580324400000,5.79,5.79,5.77,5.785,500
1580325300000,5.785,5.785,5.78,5.78,1500
1580326200000,5.82,5.82,5.82,5.82,1209
1580327100000,5.8506,5.8506,5.83,5.84,3063
1580328000000,5.86,5.89,5.86,5.8707,2862
1580328900000,5.87,5.87,5.87,5.87,1002
1580329800000,5.87,5.88,5.86,5.87,2790
1580330700000,5.88,5.9,5.87,5.87,5454
1580394600000,6.18,6.2,6.08,6.16,21980
1580395500000,6.17,6.17,6.13,6.13,3350
1580396400000,6.1316,6.15,6.12,6.12,8444
1580397300000,6.13,6.14,6.0933,6.0933,4703
1580398200000,6.11,6.15,6.11,6.14,3862
1580399100000,6.13,6.13,6.09,6.13,5800
1580400000000,6.14,6.22,6.14,6.19,24420
1580400900000,6.19,6.19,6.1701,6.1701,9202
1580401800000,6.2,6.26,6.2,6.246,19636
1580402700000,6.26,6.26,6.245,6.245,3704
1580403600000,6.24,6.25,6.2302,6.25,9471
1580404500000,6.2401,6.28,6.2401,6.275,8017
1580405400000,6.275,6.275,6.26,6.26,200
1580406300000,6.2673,6.275,6.2603,6.275,1280
1580407200000,6.2764,6.2764,6.2706,6.2709,677
1580408100000,6.28,6.3,6.28,6.29,14105
1580409000000,6.29,6.29,6.25,6.25,5050
1580409900000,6.24,6.245,6.24,6.245,1300
1580410800000,6.25,6.2528,6.23,6.23,1100
1580411700000,6.2567,6.26,6.24,6.25,2217
1580412600000,6.25,6.26,6.21,6.23,10450
1580413500000,6.23,6.23,6.2,6.2171,1733
1580414400000,6.15,6.17,6.15,6.17,300
1580415300000,6.18,6.18,6.16,6.1738,1539
1580416200000,6.18,6.19,6.17,6.17,9990
1580417100000,6.1507,6.22,6.14,6.22,8495
1580481000000,6.28,6.34,6.2401,6.32,27003
1580481900000,6.29,6.32,6.284,6.284,10245
1580482800000,6.2775,6.3,6.275,6.2798,5859
1580483700000,6.29,6.31,6.29,6.2975,1088
1580484600000,6.3,6.32,6.285,6.3,5162
1580485500000,6.31,6.35,6.29,6.35,8407
1580486400000,6.355,6.365,6.345,6.3579,8379
1580487300000,6.345,6.4,6.331,6.4,9191
1580488200000,6.39,6.4,6.3789,6.39,15298
1580489100000,6.3683,6.3767,6.349,6.35,6410
1580490000000,6.3077,6.325,6.3001,6.325,3847
1580490900000,6.3,6.34,6.3,6.3266,2802
1580491800000,6.31,6.339,6.3,6.315,1063
1580492700000,6.3024,6.33,6.3024,6.33,2363
1580493600000,6.315,6.33,6.315,6.3174,4628
1580494500000,6.33,6.35,6.31,6.32,3800
1580495400000,6.3288,6.34,6.32,6.32,2098
1580496300000,6.34,6.355,6.34,6.355,700
1580497200000,6.37,6.3775,6.35,6.3679,5525
1580498100000,6.379,6.39,6.36,6.375,2575
1580499000000,6.3673,6.378,6.35,6.378,4302
1580499900000,6.38,6.38,6.3663,6.37,900
1580500800000,6.37,6.37,6.33,6.3415,4485
1580501700000,6.33,6.35,6.33,6.35,1800
1580502600000,6.3393,6.35,6.32,6.3486,14270
1580503500000,6.3392,6.37,6.3375,6.37,4336
1580740200000,6.14,6.17,6.06,6.12,25358
1580741100000,6.1,6.1,5.93,5.95,22907
1580742000000,5.96,6.0,5.95,5.965,11742
1580742900000,5.965,5.9657,5.92,5.9302,8343
1580743800000,5.94,6.0,5.9388,5.9846,3693
1580744700000,5.97,5.97,5.94,5.96,3800
1580745600000,5.94,5.9401,5.88,5.9257,14385
1580746500000,5.95,6.03,5.91,6.0,12011
1580747400000,5.99,5.99,5.98,5.98,720
1580748300000,5.99,6.02,5.98,6.01,7023
1580749200000,5.995,5.995,5.9914,5.995,1200
1580750100000,5.98,5.98,5.91,5.91,3491
1580751000000,5.9101,5.925,5.91,5.925,7122
1580751900000,5.9202,5.9237,5.9202,5.9237,700
1580752800000,5.94,5.96,5.94,5.96,1412
1580753700000,5.97,5.9775,5.95,5.9775,1740
1580754600000,5.9683,5.97,5.935,5.935,1000
1580755500000,5.935,5.94,5.92,5.94,400
1580756400000,5.935,5.97,5.935,5.95,5974
1580757300000,5.95,5.95,5.95,5.95,300
1580758200000,5.95,5.975,5.95,5.975,1100
1580759100000,5.96,5.975,5.96,5.975,300
1580760000000,5.978,5.99,5.96,5.97,1500
1580760900000,5.9676,5.9676,5.94,5.94,3665
1580761800000,5.935,5.96,5.93,5.96,2135
1580762700000,5.96,5.97,5.95,5.96,6027
1580826600000,5.7,5.71,5.65,5.68,26304
1580827500000,5.68,5.68,5.62,5.67,5900
1580828400000,5.67,5.7199,5.64,5.64,3119
1580829300000,5.6286,5.64,5.62,5.63,9137
1580830200000,5.63,5.64,5.61,5.6189,4915
1580831100000,5.615,5.69,5.615,5.68,11321
1580832000000,5.675,5.6751,5.6739,5.6739,1100
1580832900000,5.67,5.675,5.645,5.645,7305
1580833800000,5.66,5.72,5.65,5.72,11351
1580834700000,5.705,5.71,5.705,5.71,538
1580837400000,5.66,5.66,5.66,5.66,100
1580838300000,5.675,5.675,5.66,5.675,1384
1580839200000,5.6666,5.67,5.66,5.67,3140
1580840100000,5.6715,5.6715,5.6602,5.67,1700
1580841900000,5.6681,5.6681,5.66,5.66,3680
1580842800000,5.66,5.71,5.66,5.71,5369
1580843700000,5.71,5.76,5.7,5.76,5748
1580844600000,5.7687,5.7687,5.76,5.76,900
1580845500000,5.75,5.76,5.7,5.715,4657
1580846400000,5.715,5.74,5.715,5.735,7448
1580847300000,5.74,5.75,5.73,5.73,6286
1580848200000,5.72,5.755,5.7,5.75,10686
1580849100000,5.75,5.75,5.72,5.73,7225
1580913000000,5.73,5.78,5.6915,5.78,7371
1580913900000,5.79,5.88,5.79,5.86,5599
1580914800000,5.87,5.9341,5.8217,5.9341,4268
1580915700000,5.96,5.97,5.958,5.958,700
1580916600000,5.96,5.96,5.95,5.95,1512
1580918400000,5.9897,6.1,5.9897,6.1,11958
1580919300000,6.0881,6.11,6.06,6.09,9076
1580920200000,6.12,6.12,6.08,6.08,1100
1580922000000,6.063,6.09,6.06,6.06,5200
1580922900000,6.06,6.085,6.06,6.085,300
1580923800000,6.07,6.085,6.07,6.07,400
1580924700000,6.04,6.04,6.04,6.04,200
1580925600000,6.07,6.07,6.05,6.065,2200
1580926500000,6.05,6.05,6.0101,6.02,1100
1580927400000,5.99,6.03,5.99,5.9901,5704
1580928300000,6.01,6.0124,6.0,6.0,1116
1580929200000,6.02,6.02,6.0,6.0069,700
1580931000000,6.02,6.02,5.98,5.98,4951
1580931900000,5.96,5.9604,5.94,5.94,8580
1580932800000,5.96,5.97,5.96,5.96,879
1580933700000,5.96,5.96,5.94,5.94,978
1580934600000,5.93,5.93,5.91,5.91,700
1580935500000,5.91,5.9271,5.88,5.9,3994
1580999400000,5.92,5.9395,5.9,5.9395,3216
1581000300000,5.93,5.95,5.92,5.95,700
1581001200000,5.9485,5.95,5.9485,5.95,800
1581002100000,6.0001,6.01,5.97,5.97,1258
1581003000000,5.965,5.965,5.92,5.92,1600
1581003900000,5.94,5.94,5.94,5.94,100
1581004800000,5.932,5.932,5.932,5.932,1000
1581005700000,5.93,5.95,5.93,5.95,200
1581006600000,5.9526,5.9526,5.9526,5.9526,130
1581007500000,5.97,5.98,5.97,5.98,970
1581008400000,6.0,6.05,6.0,6.05,6123
1581009300000,6.02,6.0699,6.02,6.058,4400
1581010200000,6.02,6.02,6.02,6.02,100
1581012000000,6.0146,6.0146,6.01,6.01,1100
1581012900000,6.04,6.04,6.04,6.04,100
1581014700000,6.02,6.02,6.02,6.02,395
1581015600000,5.99,5.99,5.99,5.99,100
1581016500000,6.0027,6.0027,6.0027,6.0027,500
1581017400000,6.0062,6.02,6.0062,6.02,370
1581018300000,5.99,6.0026,5.97,5.97,8800
1581019200000,5.97,5.9803,5.97,5.97,600
1581020100000,5.97,5.97,5.96,5.96,850
1581021000000,5.95,5.98,5.95,5.97,2939
1581021900000,5.97,5.99,5.96,5.96,3162
1581085800000,6.04,6.13,6.04,6.0712,4943
1581086700000,6.06,6.07,6.01,6.07,5400
1581087600000,6.07,6.07,6.04,6.04,1000
1581088500000,6.01,6.04,5.97,6.03,9440
1581089400000,6.045,6.09,6.045,6.085,2796
1581090300000,6.055,6.055,6.01,6.03,2683
1581091200000,6.04,6.05,6.02,6.0409,4750
1581092100000,6.04,6.04,5.9899,6.0,4784
1581093900000,5.99,5.995,5.99,5.995,345
1581094800000,6.0079,6.0079,5.99,5.99,200
1581095700000,5.9814,5.9906,5.9814,5.9906,1305
1581096600000,6.01,6.01,6.0,6.0,600
1581097500000,6.02,6.02,6.0124,6.0124,200
1581098400000,6.02,6.06,6.02,6.06,1315
1581099300000,6.07,6.07,6.03,6.045,1632
1581100200000,6.04,6.04,6.01,6.01,900
1581101100000,6.03,6.04,6.03,6.04,900
1581102000000,6.04,6.04,6.02,6.02,1380
1581102900000,6.01,6.02,6.01,6.02,204
1581103800000,6.02,6.03,6.02,6.03,446
1581104700000,6.04,6.04,6.03,6.03,200
1581105600000,6.03,6.03,6.03,6.03,434
1581106500000,6.03,6.03,6.01,6.01,300
1581107400000,6.01,6.02,6.0,6.015,9942
1581108300000,6.02,6.04,6.02,6.03,5877
1581345000000,6.22,6.23,6.08,6.17,19680
1581345900000,6.15,6.15,6.15,6.15,100
1581346800000,6.17,6.185,6.13,6.18,5570
1581347700000,6.1925,6.23,6.1925,6.22,2942
1581348600000,6.225,6.24,6.225,6.24,1818
1581349500000,6.25,6.29,6.25,6.29,6231
1581350400000,6.29,6.29,6.26,6.27,5254
1581351300000,6.26,6.26,6.2504,6.2504,600
1581352200000,6.2423,6.2423,6.2331,6.24,2900
1581353100000,6.23,6.23,6.2201,6.2201,1247
1581354000000,6.22,6.24,6.22,6.24,300
1581354900000,6.245,6.245,6.19,6.22,5704
1581355800000,6.209,6.209,6.209,6.209,1500
1581356700000,6.22,6.22,6.22,6.22,1000
1581357600000,6.205,6.205,6.19,6.205,1700
1581358500000,6.21,6.21,6.2,6.2,3693
1581359400000,6.217,6.217,6.217,6.217,322
1581360300000,6.24,6.24,6.19,6.19,5200
1581362100000,6.21,6.21,6.21,6.21,100
1581363000000,6.21,6.21,6.2,6.21,801
1581364800000,6.24,6.24,6.21,6.21,1411
1581365700000,6.23,6.23,6.19,6.19,1760
1581366600000,6.18,6.19,6.17,6.175,3760
1581367500000,6.1734,6.2,6.1734,6.2,1880
1581431400000,6.21,6.21,6.13,6.13,7311
1581432300000,6.11,6.14,6.1,6.14,15545
1581433200000,6.16,6.16,6.13,6.155,1700
1581434100000,6.155,6.155,6.11,6.12,2031
1581435000000,6.09,6.095,6.03,6.06,10409
1581435900000,6.0565,6.08,6.0565,6.06,2838
1581436800000,6.06,6.075,6.03,6.075,3350
1581437700000,6.0748,6.13,6.06,6.095,8568
1581438600000,6.095,6.095,6.05,6.0503,2190
1581439500000,6.09,6.09,6.09,6.09,200
1581440400000,6.06,6.06,6.06,6.06,100
1581441300000,6.06,6.09,6.06,6.07,1200
1581442200000,6.07,6.07,6.06,6.06,1748
1581443100000,6.06,6.07,6.06,6.07,1047
1581444900000,6.07,6.07,6.06,6.06,3400
1581445800000,6.08,6.1,6.08,6.1,1736
1581446700000,6.1276,6.1276,6.1,6.1,1300
1581447600000,6.1,6.1,6.1,6.1,400
1581448500000,6.1,6.1,6.05,6.08,7999
1581449400000,6.07,6.08,6.06,6.08,1820
1581450300000,6.055,6.0628,6.055,6.0628,428
1581451200000,6.05,6.0699,6.05,6.0699,6518
1581452100000,6.07,6.08,6.06,6.08,2300
1581453000000,6.08,6.11,6.08,6.1,2387
1581453900000,6.1,6.13,6.09,6.1,14242
1581517800000,6.09,6.11,6.02,6.02,9137
1581518700000,6.05,6.05,6.05,6.05,1954
1581519600000,6.0471,6.071,6.0471,6.071,1240
1581520500000,6.065,6.0701,6.05,6.0701,300
1581521400000,6.065,6.065,6.03,6.03,1044
1581522300000,6.04,6.04,6.04,6.04,100
1581523200000,6.05,6.05,6.05,6.05,100
1581524100000,6.05,6.08,6.04,6.08,6310
1581525000000,6.065,6.0883,6.065,6.0883,3300
1581525900000,6.1,6.1,6.1,6.1,4140
1581526800000,6.1,6.1,6.08,6.09,1823
1581527700000,6.0891,6.0891,6.0891,6.0891,100
1581528600000,6.05,6.0568,6.05,6.05,3600
1581530400000,6.0504,6.07,6.04,6.04,3400
1581532200000,6.06,6.06,6.06,6.06,3150
1581533100000,6.07,6.08,6.07,6.07,700
1581534000000,6.075,6.075,6.05,6.0501,1000
1581534900000,6.05,6.05,6.0458,6.0458,713
1581535800000,6.0401,6.05,6.02,6.0319,9259
1581537600000,6.03,6.05,6.03,6.05,1112
1581538500000,6.06,6.06,6.03,6.03,1300
1581539400000,6.0328,6.0328,6.0328,6.0328,250
1581540300000,6.03,6.0398,5.95,5.95,26981
1581604200000,6.07,6.11,6.06,6.1,9150
1581605100000,6.1,6.1,6.02,6.08,6621
1581606000000,6.08,6.08,6.06,6.07,4700
1581606900000,6.06,6.0825,6.06,6.0825,400
1581607800000,6.09,6.14,6.09,6.11,20223
1581608700000,6.11,6.12,6.06,6.076,4843
1581609600000,6.06,6.07,6.05,6.07,5578
1581610500000,6.04,6.04,6.02,6.0363,1298
1581611400000,6.03,6.04,6.02,6.04,3051
1581612300000,6.04,6.06,6.04,6.06,3679
1581613200000,6.04,6.04,6.01,6.03,3502
1581614100000,6.01,6.03,6.01,6.03,1877
1581615000000,6.03,6.04,6.025,6.04,1388
1581615900000,6.04,6.04,6.04,6.04,298
1581616800000,6.04,6.04,6.04,6.04,100
1581617700000,6.04,6.04,6.04,6.04,100
1581618600000,6.045,6.09,6.045,6.09,1904
1581619500000,6.1,6.1,6.0868,6.0868,300
1581620400000,6.09,6.09,6.08,6.09,1100
1581621300000,6.12,6.12,6.105,6.105,200
1581623100000,6.1103,6.1117,6.1103,6.1117,600
1581624000000,6.1,6.11,6.08,6.095,1638
1581624900000,6.095,6.11,6.085,6.09,500
1581625800000,6.075,6.075,6.075,6.075,200
1581626700000,6.055,6.1,6.055,6.1,7400
1581690600000,6.29,6.37,6.26,6.37,25403
1581691500000,6.36,6.36,6.3,6.32,7409
1581692400000,6.32,6.34,6.3,6.34,1371
1581693300000,6.35,6.35,6.32,6.32,1093
1581694200000,6.3181,6.35,6.3181,6.35,1537
1581695100000,6.33,6.38,6.33,6.36,3500
1581696000000,6.37,6.395,6.36,6.39,15107
1581696900000,6.39,6.39,6.37,6.39,11672
1581697800000,6.39,6.4,6.3501,6.368,14000
1581698700000,6.36,6.38,6.355,6.38,1745
1581699600000,6.36,6.38,6.355,6.37,4486
1581700500000,6.36,6.36,6.35,6.36,1000
1581702300000,6.36,6.38,6.36,6.38,12829
1581703200000,6.36,6.39,6.36,6.39,3723
1581704100000,6.37,6.37,6.37,6.37,1497
1581705000000,6.3627,6.4,6.3627,6.39,12820
1581705900000,6.39,6.39,6.38,6.3819,1952
1581706800000,6.39,6.39,6.39,6.39,2200
1581707700000,6.39,6.39,6.3788,6.39,3041
1581708600000,6.39,6.39,6.39,6.39,500
1581709500000,6.3874,6.39,6.36,6.37,5523
1581710400000,6.36,6.37,6.33,6.355,3800
1581711300000,6.355,6.37,6.35,6.355,2299
1581712200000,6.34,6.39,6.34,6.39,7358
1581713100000,6.39,6.39,6.37,6.39,9255
1582036200000,6.56,6.59,6.45,6.485,76243
1582037100000,6.485,6.51,6.42,6.475,38630
1582038000000,6.46,6.495,6.46,6.47,13411
1582038900000,6.54,6.6,6.53,6.55,30057
1582039800000,6.55,6.64,6.51,6.5333,25330
1582040700000,6.54,6.54,6.51,6.54,2299
1582041600000,6.564,6.71,6.564,6.6998,12835
1582042500000,6.68,6.75,6.68,6.7423,16529
1582043400000,6.75,6.75,6.69,6.73,8795
1582044300000,6.74,6.79,6.74,6.79,12952
1582045200000,6.775,6.775,6.7,6.72,3633
1582046100000,6.71,6.72,6.68,6.691,5391
1582047000000,6.7077,6.71,6.695,6.7008,1794
1582047900000,6.68,6.7,6.65,6.6567,15884
1582048800000,6.66,6.6934,6.66,6.6934,4657
1582049700000,6.7,6.71,6.682,6.682,9710
1582050600000,6.69,6.71,6.69,6.71,425
1582051500000,6.7,6.74,6.7,6.74,3943
1582052400000,6.74,6.75,6.725,6.75,14086
1582053300000,6.7365,6.75,6.7359,6.74,6801
1582054200000,6.75,6.7699,6.75,6.757,8970
1582055100000,6.7698,6.8,6.7697,6.79,46002
1582056000000,6.79,6.7928,6.79,6.79,1208
1582056900000,6.79,6.8,6.78,6.79,6638
1582057800000,6.79,6.87,6.79,6.87,10512
1582058700000,6.875,6.88,6.84,6.87,23480
1582122600000,6.89,6.9497,6.89,6.93,32074
1582123500000,6.9303,6.939,6.84,6.875,26072
1582124400000,6.89,6.9,6.8703,6.9,9568
1582125300000,6.885,6.903,6.88,6.903,4975
1582126200000,6.9,6.9,6.88,6.88,19853
1582127100000,6.89,6.97,6.87,6.9648,13944
1582128000000,6.965,6.965,6.86,6.87,14544
1582128900000,6.87,6.8803,6.8423,6.8654,8401
1582129800000,6.865,6.865,6.83,6.86,7242
1582130700000,6.87,6.89,6.855,6.8714,2217
1582131600000,6.87,6.88,6.87,6.88,1700
1582132500000,6.88,6.9,6.88,6.8957,1628
1582133400000,6.93,6.93,6.9251,6.9251,8649
1582134300000,6.9213,6.9213,6.92,6.92,962
1582135200000,6.93,6.97,6.93,6.942,5642
1582136100000,6.9401,6.9401,6.932,6.932,2662
1582137000000,6.9468,6.97,6.9468,6.9699,10474
1582137900000,6.98,7.0205,6.98,7.0205,10663
1582138800000,7.01,7.05,7.01,7.05,1370
1582139700000,7.0496,7.05,7.0,7.005,3940
1582140600000,7.0,7.005,6.985,6.985,3380
1582141500000,6.9847,6.99,6.94,6.96,3337
1582142400000,6.95,6.98,6.93,6.98,8634
1582143300000,6.98,7.03,6.9728,7.01,16963
1582144200000,7.03,7.06,7.02,7.05,11023
1582145100000,7.05,7.06,7.02,7.025,19224
1582209000000,7.07,7.1753,7.07,7.14,20826
1582209900000,7.13,7.1322,7.04,7.04,14782
1582210800000,7.06,7.0785,7.02,7.045,9852
1582211700000,7.05,7.085,7.03,7.085,3929
1582212600000,7.085,7.11,7.06,7.0899,6103
1582213500000,7.0763,7.0763,6.94,6.94,5894
1582214400000,6.95,7.06,6.95,7.0215,10331
1582215300000,7.06,7.0696,7.03,7.0611,11750
1582216200000,7.05,7.0881,7.05,7.075,5400
1582217100000,7.08,7.08,7.02,7.03,5864
1582218000000,7.05,7.05,7.0102,7.0144,3100
1582218900000,7.0,7.01,7.0,7.01,1100
1582219800000,7.0181,7.025,6.9899,7.02,3732
1582220700000,7.0122,7.0122,6.98,6.985,4804
1582221600000,6.9992,7.01,6.99,7.01,2427
1582222500000,7.02,7.05,7.02,7.04,5609
1582223400000,7.05,7.05,7.0417,7.05,10790
1582224300000,7.0432,7.0432,7.0394,7.0394,1629
1582225200000,7.05,7.09,7.02,7.02,5101
1582226100000,7.03,7.03,7.03,7.03,100
1582227000000,7.04,7.07,7.04,7.07,600
1582227900000,7.09,7.09,7.07,7.09,1300
1582228800000,7.09,7.09,7.081,7.09,700
1582229700000,7.1,7.13,7.08,7.08,6939
1582230600000,7.0864,7.09,7.03,7.06,6535
1582231500000,7.06,7.06,7.02,7.06,2925
1582295400000,7.25,7.25,7.15,7.17,28007
1582296300000,7.2,7.24,7.18,7.19,7975
1582297200000,7.2255,7.37,7.2255,7.3653,27955
1582298100000,7.36,7.37,7.225,7.2699,28997
1582299000000,7.2876,7.37,7.2876,7.34,3979
1582299900000,7.3501,7.37,7.325,7.3257,5104
1582300800000,7.34,7.39,7.34,7.3594,21886
1582301700000,7.33,7.38,7.33,7.38,6267
1582302600000,7.37,7.37,7.3,7.3,1259
1582303500000,7.305,7.35,7.3,7.35,7457
1582304400000,7.35,7.39,7.335,7.3817,13508
1582305300000,7.394,7.4,7.33,7.3471,6659
1582306200000,7.31,7.35,7.31,7.35,6050
1582307100000,7.353,7.41,7.325,7.36,14954
1582308000000,7.3697,7.38,7.31,7.31,4493
1582308900000,7.3421,7.35,7.31,7.35,1700
1582309800000,7.342,7.38,7.33,7.33,6475
1582310700000,7.36,7.38,7.34,7.35,4557
1582311600000,7.35,7.36,7.32,7.3304,1700
1582312500000,7.33,7.36,7.33,7.36,7442
1582313400000,7.35,7.36,7.35,7.36,600
1582314300000,7.35,7.37,7.3302,7.36,5798
1582315200000,7.35,7.38,7.33,7.38,17786
1582316100000,7.37,7.41,7.35,7.39,13373
1582317000000,7.395,7.4,7.37,7.39,10277
1582317900000,7.38,7.4,7.34,7.4,59604
1582554600000,7.49,7.5594,7.47,7.53,71613
1582555500000,7.51,7.63,7.5,7.55,18262
1582556400000,7.55,7.55,7.5,7.5201,14823
1582557300000,7.52,7.56,7.5117,7.535,23447
1582558200000,7.55,7.6,7.5465,7.57,20495
1582559100000,7.57,7.6,7.55,7.57,14121
1582560000000,7.57,7.57,7.55,7.55,6460
1582560900000,7.55,7.59,7.52,7.5356,16092
1582561800000,7.57,7.62,7.56,7.59,17041
1582562700000,7.605,7.67,7.605,7.665,7480
1582563600000,7.6602,7.67,7.6204,7.67,20309
1582564500000,7.655,7.7,7.655,7.69,29853
1582565400000,7.6999,7.7318,7.6884,7.725,26892
1582566300000,7.75,7.77,7.74,7.76,17435
1582567200000,7.76,7.77,7.76,7.76,13925
1582568100000,7.76,7.79,7.76,7.79,8804
1582569000000,7.785,7.785,7.71,7.78,9264
1582569900000,7.7513,7.78,7.7513,7.78,14034
1582570800000,7.775,7.7765,7.6338,7.64,12568
1582571700000,7.64,7.675,7.42,7.5004,62308
1582572600000,7.485,7.59,7.43,7.59,28144
1582573500000,7.55,7.55,7.343,7.3579,22864
1582574400000,7.38,7.405,7.3,7.33,22540
1582575300000,7.35,7.3898,7.34,7.38,2700
1582576200000,7.38,7.4576,7.38,7.42,21310
1582577100000,7.43,7.46,7.4,7.45,16494
1582641000000,7.53,7.56,7.48,7.51,26127
1582641900000,7.523,7.58,7.45,7.53,48892
1582642800000,7.535,7.54,7.47,7.47,19089
1582643700000,7.47,7.5,7.45,7.45,23049
1582644600000,7.43,7.43,7.39,7.4,33123
1582645500000,7.4,7.4,7.4,7.4,1064
1582646400000,7.44,7.45,7.37,7.3704,14219
1582647300000,7.3583,7.42,7.33,7.33,9481
1582648200000,7.325,7.325,7.08,7.26,45075
1582649100000,7.26,7.26,7.14,7.21,9350
1582650000000,7.22,7.22,7.09,7.19,8506
1582650900000,7.17,7.23,7.16,7.18,6774
1582651800000,7.2292,7.28,7.21,7.274,4420
1582652700000,7.2638,7.27,7.24,7.27,3083
1582653600000,7.28,7.3,7.27,7.3,4000
1582654500000,7.29,7.31,7.29,7.29,4200
1582655400000,7.28,7.29,7.25,7.2883,4394
1582656300000,7.29,7.291,7.26,7.26,3473
1582657200000,7.25,7.25,7.16,7.2,18105
1582658100000,7.201,7.201,7.12,7.15,20431
1582659000000,7.12,7.24,7.12,7.225,6908
1582659900000,7.24,7.2701,7.24,7.27,8583
1582660800000,7.23,7.24,7.195,7.195,6469
1582661700000,7.19,7.21,7.1801,7.21,9700
1582662600000,7.21,7.21,7.14,7.1935,8115
1582663500000,7.21,7.21,7.11,7.14,16465
1582727400000,7.07,7.25,7.07,7.095,32958
1582728300000,7.09,7.2,7.06,7.07,30452
1582729200000,7.0324,7.06,7.03,7.03,20476
1582730100000,7.025,7.04,6.9101,6.94,40682
1582731000000,6.94,6.9583,6.8,6.805,34121
1582731900000,6.805,6.8471,6.8003,6.81,30906
1582732800000,6.82,6.96,6.82,6.9473,8088
1582733700000,6.9334,6.94,6.9,6.9,6014
1582734600000,6.89,6.9,6.8515,6.8515,14459
1582735500000,6.86,6.935,6.85,6.92,9876
1582736400000,6.92,6.92,6.9,6.9,4240
1582737300000,6.9,6.9,6.84,6.8428,18590
1582738200000,6.85,6.91,6.85,6.9038,7805
1582739100000,6.901,6.901,6.88,6.8864,4110
1582740000000,6.89,6.89,6.8501,6.87,11015
1582740900000,6.8703,6.8778,6.87,6.87,4895
1582741800000,6.87,6.92,6.87,6.92,10708
1582742700000,6.92,6.92,6.87,6.875,7220
1582743600000,6.88,6.92,6.88,6.92,6527
1582744500000,6.92,6.9298,6.9,6.9,4580
1582745400000,6.9,6.9098,6.88,6.89,3311
1582746300000,6.91,6.95,6.91,6.94,4188
1582747200000,6.93,6.935,6.9,6.93,4655
1582748100000,6.92,6.925,6.9,6.9,5927
1582749000000,6.9044,6.94,6.9,6.94,12357
1582749900000,6.97,6.99,6.92,6.92,18291
1582813800000,7.35,7.42,7.31,7.36,45568
1582814700000,7.36,7.45,7.2799,7.31,38361
1582815600000,7.33,7.34,7.2001,7.2001,12010
1582816500000,7.2,7.2,7.0,7.105,18832
1582817400000,7.1142,7.12,7.03,7.085,10487
1582818300000,7.07,7.08,6.89,6.9,18662
1582819200000,6.89,7.0,6.89,6.955,7100
1582820100000,6.97,7.04,6.97,7.04,13425
1582821000000,7.04,7.04,6.99,6.99,8913
1582821900000,7.0,7.0,6.94,6.97,6813
1582822800000,6.94,6.97,6.89,6.92,8097
1582823700000,6.8915,6.93,6.86,6.86,8143
1582824600000,6.86,6.86,6.81,6.83,13154
1582825500000,6.825,6.92,6.825,6.92,4700
1582826400000,6.9,6.935,6.87,6.87,11986
1582827300000,6.9,6.92,6.87,6.87,4800
1582828200000,6.87,6.89,6.85,6.88,12250
1582829100000,6.8619,6.88,6.83,6.87,8969
1582830000000,6.876,6.9,6.86,6.89,8220
1582830900000,6.91,6.91,6.88,6.89,4300
1582831800000,6.88,6.88,6.84,6.86,9660
1582832700000,6.83,6.8425,6.72,6.72,19926
1582833600000,6.7238,6.75,6.71,6.75,5280
1582834500000,6.73,6.75,6.705,6.705,7464
1582835400000,6.705,6.75,6.65,6.705,16706
1582836300000,6.72,6.72,6.64,6.68,8978
1582900200000,6.63,6.63,6.1,6.3,132782
1582901100000,6.3133,6.3151,6.21,6.21,22891
1582902000000,6.2,6.2132,5.88,5.9475,71530
1582902900000,5.9238,6.13,5.92,6.0388,25806
1582903800000,6.04,6.08,5.96,6.01,14259
1582904700000,5.9801,6.01,5.93,5.995,10025
1582905600000,6.02,6.02,5.92,5.98,11618
1582906500000,5.98,6.0984,5.97,6.095,23910
1582907400000,6.1,6.22,6.0,6.22,27089
1582908300000,6.19,6.19,6.12,6.15,5400
1582909200000,6.11,6.1272,6.09,6.11,3115
1582910100000,6.1127,6.12,6.11,6.12,2237
1582911000000,6.12,6.14,6.07,6.09,9957
1582911900000,6.0999,6.0999,6.025,6.025,8825
1582912800000,6.03,6.04,5.99,6.0,16901
1582913700000,6.005,6.0293,5.99,5.99,3600
1582914600000,6.0,6.02,5.93,5.94,17660
1582915500000,5.94,5.94,5.91,5.915,4399
1582916400000,5.915,5.915,5.8901,5.8943,6787
1582917300000,5.89,5.9,5.8,5.816,11814
1582918200000,5.82,6.05,5.82,6.05,8085
1582919100000,6.05,6.08,6.0,6.0181,9091
1582920000000,6.015,6.03,5.97,5.99,5287
1582920900000,5.99,6.02,5.98,6.02,3461
1582921800000,6.02,6.07,6.02,6.07,3836
1582922700000,6.07,6.1,6.07,6.1,8089
1583159400000,6.52,6.585,6.43,6.4454,40315
1583160300000,6.4568,6.52,6.45,6.4638,18100
1583161200000,6.4838,6.5612,6.4767,6.5612,6889
1583162100000,6.53,6.53,6.445,6.445,1802
1583163000000,6.4573,6.46,6.42,6.4299,2368
1583163900000,6.4101,6.4272,6.32,6.32,33342
1583164800000,6.3402,6.42,6.34,6.41,26609
1583165700000,6.4112,6.438,6.37,6.4309,11753
1583166600000,6.435,6.47,6.435,6.4697,4014
1583167500000,6.4564,6.4858,6.4564,6.4858,2600
1583168400000,6.47,6.47,6.47,6.47,700
1583169300000,6.4662,6.49,6.4662,6.49,800
1583170200000,6.49,6.49,6.475,6.49,700
1583171100000,6.475,6.48,6.45,6.453,2125
1583172000000,6.455,6.46,6.445,6.46,912
1583172900000,6.46,6.46,6.445,6.445,1400
1583173800000,6.4477,6.4477,6.42,6.43,9100
1583174700000,6.42,6.43,6.415,6.415,1900
1583175600000,6.42,6.47,6.42,6.4547,1370
1583176500000,6.47,6.47,6.47,6.47,520
1583177400000,6.4798,6.48,6.445,6.445,4600
1583178300000,6.445,6.49,6.43,6.46,25456
1583179200000,6.45,6.46,6.435,6.44,2587
1583180100000,6.44,6.45,6.43,6.44,2320
1583181000000,6.45,6.45,6.43,6.4305,5011
1583181900000,6.45,6.54,6.44,6.49,37298
1583245800000,6.75,6.79,6.67,6.67,20313
1583246700000,6.67,6.685,6.59,6.6,19564
1583247600000,6.64,6.8172,6.6,6.8172,39379
1583248500000,6.8168,7.15,6.78,7.09,67459
1583249400000,7.05,7.25,7.0413,7.24,14705
1583250300000,7.24,7.3,7.22,7.2374,26089
1583251200000,7.25,7.3994,7.22,7.3928,19379
1583252100000,7.3801,7.3896,7.2434,7.28,12460
1583253000000,7.235,7.36,7.21,7.357,21110
1583253900000,7.355,7.3599,7.32,7.34,4084
1583254800000,7.335,7.36,7.32,7.335,18718
1583255700000,7.3422,7.425,7.335,7.4199,12404
1583256600000,7.41,7.43,7.35,7.35,23150
1583257500000,7.31,7.31,7.245,7.2864,8090
1583258400000,7.3,7.36,7.29,7.305,3400
1583259300000,7.32,7.36,7.302,7.302,9822
1583260200000,7.305,7.32,7.24,7.24,7544
1583261100000,7.21,7.25,7.1625,7.1625,5290
1583262000000,7.15,7.15,6.81,6.86,24160
1583262900000,6.89,6.94,6.82,6.94,15209
1583263800000,6.955,6.97,6.915,6.97,4814
1583264700000,6.9814,6.9814,6.925,6.95,4297
1583265600000,6.99,7.07,6.9601,7.07,5993
1583266500000,7.1,7.1,6.99,7.05,9214
1583267400000,7.065,7.07,6.99,7.051,26696
1583268300000,7.06,7.06,7.02,7.06,21670
1583332200000,7.37,7.5,7.37,7.5,37052
1583333100000,7.4901,7.5155,7.49,7.5005,25385
1583334000000,7.5003,7.5043,7.3925,7.4261,22628
1583334900000,7.44,7.44,7.25,7.28,18462
1583335800000,7.235,7.3398,7.22,7.325,15908
1583336700000,7.31,7.411,7.31,7.4,4336
1583337600000,7.37,7.39,7.35,7.38,3227
1583338500000,7.3695,7.4,7.325,7.345,5990
1583339400000,7.34,7.369,7.3308,7.3374,3978
1583340300000,7.3516,7.38,7.3461,7.3461,5882
1583341200000,7.355,7.4,7.355,7.4,1323
1583342100000,7.4,7.4,7.35,7.35,2557
1583343000000,7.38,7.38,7.34,7.35,700
1583343900000,7.35,7.36,7.33,7.36,1750
1583344800000,7.36,7.3764,7.34,7.36,6276
1583345700000,7.3501,7.36,7.24,7.26,12749
1583346600000,7.2999,7.3,7.29,7.29,1350
1583347500000,7.2861,7.3,7.26,7.3,8910
1583348400000,7.29,7.3,7.2883,7.2883,3099
1583349300000,7.29,7.3,7.27,7.29,1571
1583350200000,7.28,7.3,7.265,7.3,2301
1583351100000,7.3,7.32,7.3,7.3078,2500
1583352000000,7.32,7.3446,7.3001,7.325,13522
1583352900000,7.34,7.34,7.31,7.3238,5650
1583353800000,7.31,7.31,7.25,7.27,5887
1583354700000,7.269,7.32,7.26,7.32,10719
1583418600000,7.43,7.53,7.38,7.49,43827
1583419500000,7.5,7.5,7.44,7.47,8692
1583420400000,7.48,7.52,7.47,7.47,27594
1583421300000,7.42,7.43,7.285,7.33,22264
1583422200000,7.33,7.3932,7.32,7.3932,2800
1583423100000,7.4,7.46,7.375,7.46,25957
1583424000000,7.4798,7.48,7.4395,7.47,10080
1583424900000,7.455,7.49,7.43,7.44,8865
1583425800000,7.47,7.47,7.43,7.44,8556
1583426700000,7.45,7.45,7.43,7.45,10944
1583427600000,7.45,7.45,7.44,7.4498,12630
1583428500000,7.45,7.45,7.44,7.44,344
1583429400000,7.4383,7.45,7.4383,7.4487,3251
1583430300000,7.45,7.52,7.4485,7.515,23087
1583431200000,7.515,7.52,7.495,7.51,11115
1583432100000,7.51,7.51,7.5,7.51,10646
1583433000000,7.51,7.52,7.495,7.5,14474
1583433900000,7.5035,7.51,7.5,7.51,2925
1583434800000,7.505,7.52,7.49,7.51,16100
1583435700000,7.505,7.515,7.47,7.47,14244
1583436600000,7.46,7.47,7.445,7.47,7646
1583437500000,7.4538,7.51,7.4501,7.51,7008
1583438400000,7.5,7.5,7.48,7.49,7523
1583439300000,7.4864,7.5,7.463,7.463,6200
1583440200000,7.4502,7.55,7.45,7.527,30412
1583441100000,7.53,7.55,7.51,7.55,24548
1583505000000,7.63,7.64,7.46,7.46,43369
1583505900000,7.4537,7.53,7.34,7.3703,20724
1583506800000,7.4477,7.54,7.4477,7.51,8502
1583507700000,7.48,7.48,7.14,7.15,18596
1583508600000,7.1407,7.21,7.04,7.0591,33552
1583509500000,7.0437,7.0885,6.97,7.0786,19754
1583510400000,7.09,7.2,7.09,7.19,10483
1583511300000,7.18,7.2499,7.18,7.2181,7470
1583512200000,7.25,7.28,7.172,7.2,9655
1583513100000,7.2343,7.31,7.2081,7.29,11138
1583514000000,7.31,7.33,7.29,7.3,1613
1583514900000,7.28,7.29,7.23,7.25,4143
1583515800000,7.2484,7.27,7.23,7.27,1278
1583516700000,7.285,7.285,7.285,7.285,200
1583517600000,7.31,7.31,7.215,7.215,2031
1583518500000,7.2265,7.265,7.2265,7.265,3117
1583519400000,7.28,7.31,7.26,7.27,4697
1583520300000,7.265,7.27,7.24,7.245,2940
1583521200000,7.24,7.29,7.22,7.275,6455
1583522100000,7.286,7.35,7.286,7.34,4193
1583523000000,7.345,7.37,7.33,7.3599,5799
1583523900000,7.37,7.37,7.305,7.305,4567
1583524800000,7.32,7.35,7.3079,7.34,5677
1583525700000,7.35,7.35,7.31,7.31,11600
1583526600000,7.33,7.35,7.32,7.35,4113
1583527500000,7.355,7.4,7.355,7.4,5548
1583760600000,7.38,7.44,7.2901,7.38,15245
1583761500000,6.5,7.15,6.5,7.105,8251
1583762400000,6.27,7.2,6.27,6.97,43925
1583763300000,6.96,7.0,6.95,6.96,3912
1583764200000,6.9508,7.0,6.9508,6.96,10540
1583765100000,6.965,7.15,6.965,7.135,18217
1583766000000,7.15,7.15,7.1,7.12,10132
1583766900000,7.11,7.12,7.0401,7.0501,25981
1583767800000,7.0501,7.1094,7.01,7.1094,9378
1583768700000,7.125,7.1599,7.09,7.1324,5059
1583769600000,7.1301,7.17,7.1301,7.1401,15589
1583770500000,7.15,7.1799,7.15,7.16,2400
1583771400000,7.15,7.15,7.09,7.1,1141
1583772300000,7.0501,7.0701,7.05,7.0701,1302
1583773200000,7.0799,7.08,7.07,7.075,3482
1583774100000,7.07,7.07,7.0501,7.0599,4577
1583775000000,7.05,7.06,7.05,7.055,1303
1583775900000,7.055,7.055,7.01,7.01,9896
1583776800000,7.01,7.02,7.01,7.0187,3145
1583777700000,7.0154,7.0154,6.98,6.9999,9603
1583778600000,7.01,7.01,6.98,6.9895,11035
1583779500000,6.985,6.99,6.98,6.98,1479
1583780400000,6.9641,6.97,6.96,6.97,3677
1583781300000,6.96,6.97,6.96,6.97,3173
1583782200000,6.96,6.96,6.93,6.9547,5320
1583783100000,6.9461,6.96,6.93,6.95,5230
1583847000000,6.82,6.82,6.64,6.68,30562
1583847900000,6.72,6.73,6.54,6.555,14821
1583848800000,6.5403,6.595,6.54,6.5676,8286
1583849700000,6.55,6.55,6.41,6.44,38230
1583850600000,6.435,6.46,6.4,6.4002,24533
1583851500000,6.4,6.43,6.35,6.37,20745
1583852400000,6.35,6.37,6.31,6.315,16309
1583853300000,6.3165,6.3471,6.31,6.31,26010
1583854200000,6.31,6.31,6.27,6.2773,25446
1583855100000,6.2783,6.28,6.27,6.2773,18885
1583856000000,6.27,6.28,6.27,6.275,5531
1583856900000,6.2701,6.28,6.27,6.27,13226
1583857800000,6.27,6.28,6.27,6.2774,14971
1583858700000,6.27,6.28,6.27,6.2701,1200
1583859600000,6.28,6.28,6.27,6.2759,3418
1583860500000,6.2766,6.28,6.275,6.28,3200
1583861400000,6.2701,6.2747,6.255,6.2579,4401
1583862300000,6.255,6.26,6.25,6.26,16100
1583863200000,6.26,6.32,6.26,6.3061,17058
1583864100000,6.2985,6.2985,6.25,6.26,3493
1583865000000,6.27,6.27,6.25,6.2598,2445
1583865900000,6.2617,6.31,6.2617,6.29,5682
1583866800000,6.2973,6.32,6.2973,6.3101,6672
1583867700000,6.32,6.35,6.32,6.3485,6164
1583868600000,6.34,6.34,6.305,6.3252,6165
1583869500000,6.3287,6.37,6.3287,6.3514,6459
1583933400000,6.54,6.67,6.54,6.67,11649
1583934300000,6.6644,6.68,6.6101,6.6317,3642
1583935200000,6.619,6.645,6.619,6.63,3142
1583936100000,6.61,6.61,6.5801,6.592,1100
1583937000000,6.57,6.57,6.465,6.47,8963
1583937900000,6.465,6.49,6.44,6.475,5853
1583938800000,6.46,6.465,6.36,6.38,4912
1583939700000,6.36,6.37,6.35,6.355,9176
1583940600000,6.35,6.3599,6.35,6.35,13529
1583941500000,6.35,6.355,6.35,6.35,4000
1583942400000,6.355,6.355,6.27,6.2739,25820
1583943300000,6.27,6.27,6.25,6.25,4962
1583944200000,6.25,6.25,6.21,6.21,1807
1583945100000,6.21,6.215,6.125,6.14,19926
1583946000000,6.14,6.1899,6.13,6.1899,4200
1583946900000,6.195,6.22,6.19,6.22,1300
1583947800000,6.22,6.22,6.17,6.175,5100
1583948700000,6.185,6.185,6.17,6.18,1200
1583949600000,6.18,6.18,6.16,6.165,7893
1583950500000,6.16,6.16,6.11,6.115,8806
1583951400000,6.115,6.115,6.11,6.11,5309
1583952300000,6.105,6.11,6.01,6.0116,13775
1583953200000,6.01,6.03,6.01,6.01,9377
1583954100000,6.01,6.02,6.01,6.01,7896
1583955000000,6.02,6.0316,6.01,6.02,13202
1583955900000,6.01,6.02,6.01,6.015,13571
1584019800000,5.22,5.22,4.86,4.86,50288
1584020700000,4.72,5.16,4.72,5.16,18780
1584021600000,5.0,5.16,4.99,5.0319,20166
1584022500000,5.015,5.09,4.915,5.0787,22849
1584023400000,5.07,5.36,5.0338,5.3436,21168
1584024300000,5.32,5.4,5.2507,5.36,22127
1584025200000,5.3647,5.39,5.2853,5.3181,15582
1584026100000,5.2941,5.32,5.2801,5.2993,7535
1584027000000,5.3,5.3,5.18,5.2,28779
1584027900000,5.1801,5.1801,5.0486,5.13,13852
1584028800000,5.1301,5.1803,5.1187,5.15,11483
1584029700000,5.125,5.2,5.11,5.2,8865
1584030600000,5.2,5.2001,5.1,5.1,8366
1584031500000,5.1066,5.32,5.1,5.32,16230
1584032400000,5.3205,5.53,5.3205,5.4296,19961
1584033300000,5.435,5.435,5.2781,5.2781,2416
1584034200000,5.3,5.3,5.26,5.265,4746
1584035100000,5.27,5.32,5.25,5.29,5800
1584036000000,5.25,5.3,5.25,5.2724,400
1584036900000,5.2999,5.2999,5.17,5.17,5745
1584037800000,5.127,5.1524,5.12,5.12,4404
1584038700000,5.1039,5.15,5.1,5.1153,7027
1584039600000,5.1014,5.115,5.1,5.115,1408
1584040500000,5.115,5.13,5.07,5.07,5800
1584041400000,5.07,5.1,5.04,5.04,16122
1584042300000,5.04,5.05,5.01,5.01,27504
1584106200000,5.1,5.18,4.88,4.9,33046
1584107100000,4.9,4.9,4.6,4.6,43761
1584108000000,4.6,4.85,4.5,4.85,106841
1584108900000,4.8632,4.9016,4.8632,4.8721,10523
1584109800000,4.84,4.86,4.68,4.68,15891
1584110700000,4.69,4.71,4.6336,4.6801,19354
1584111600000,4.68,4.69,4.6256,4.6256,15787
1584112500000,4.6,4.62,4.48,4.48,16455
1584113400000,4.47,4.47,4.365,4.365,18910
1584114300000,4.34,4.36,4.265,4.32,27677
1584115200000,4.325,4.36,4.31,4.33,17184
1584116100000,4.34,4.34,4.29,4.3161,31216
1584117000000,4.3,4.3627,4.3,4.33,16385
1584117900000,4.35,4.4456,4.33,4.34,6013
1584118800000,4.31,4.35,4.28,4.285,31455
1584119700000,4.285,4.29,4.255,4.28,20343
1584120600000,4.28,4.28,4.22,4.24,13539
1584121500000,4.235,4.24,4.22,4.23,18315
1584122400000,4.23,4.3,4.22,4.27,11085
1584123300000,4.27,4.29,4.27,4.28,2280
1584124200000,4.27,4.3,4.27,4.28,12453
1584125100000,4.27,4.28,4.27,4.27,5127
1584126000000,4.275,4.29,4.23,4.23,28320
1584126900000,4.24,4.24,4.225,4.225,10900
1584127800000,4.22,4.225,4.05,4.05,33421
1584128700000,4.05,4.05,3.91,4.01,67600
1584365400000,3.6,3.6,3.6,3.6,103
1584366300000,3.06,3.37,3.06,3.37,30398
1584367200000,3.5,3.75,3.5,3.72,23039
1584368100000,3.7254,3.89,3.71,3.886,21440
1584369000000,3.88,4.12,3.88,4.12,21247
1584369900000,4.135,4.3767,4.135,4.3767,33985
1584370800000,4.3658,4.3658,4.2,4.23,14074
1584371700000,4.25,4.411,4.22,4.411,13858
1584372600000,4.37,4.42,4.36,4.38,11908
1584373500000,4.38,4.42,4.32,4.42,8495
1584374400000,4.405,4.4798,4.4,4.42,8506
1584375300000,4.45,4.51,4.42,4.5,4453
1584376200000,4.53,4.6112,4.53,4.6112,4293
1584377100000,4.6162,4.69,4.56,4.56,8326
1584378000000,4.61,4.6619,4.56,4.64,2200
1584378900000,4.6789,4.73,4.56,4.65,19558
1584379800000,4.65,4.65,4.47,4.47,7803
1584380700000,4.48,4.69,4.47,4.655,32258
1584381600000,4.67,4.68,4.54,4.65,30778
1584382500000,4.65,4.655,4.622,4.65,4146
1584383400000,4.657,4.76,4.657,4.76,1300
1584384300000,4.74,4.81,4.74,4.8,9442
1584385200000,4.8,4.99,4.8,4.99,13070
1584386100000,4.9657,5.18,4.9657,5.14,27907
1584387000000,5.1359,5.1359,4.7705,4.91,39009
1584387900000,4.9303,5.0006,4.91,4.96,22850
1584451800000,4.4,4.64,4.4,4.5532,56870
1584452700000,4.5565,4.7,4.5396,4.59,19066
1584453600000,4.65,4.8473,4.585,4.8473,12002
1584454500000,4.8573,5.13,4.85,5.085,31353
1584455400000,5.08,5.16,5.06,5.12,23976
1584456300000,5.15,5.4,5.15,5.38,41193
1584457200000,5.38,5.45,5.36,5.415,8874
1584458100000,5.4133,5.47,5.41,5.41,15150
1584459000000,5.41,5.47,5.41,5.45,9884
1584459900000,5.445,5.47,5.3527,5.3527,14241
1584460800000,5.3657,5.45,5.35,5.45,9595
1584461700000,5.415,5.415,5.19,5.34,21770
1584462600000,5.3,5.33,5.24,5.24,18563
1584463500000,5.28,5.37,5.24,5.3435,17375
1584464400000,5.3699,5.47,5.3699,5.45,26739
1584465300000,5.452,5.455,5.34,5.34,17419
1584466200000,5.33,5.33,5.25,5.28,8499
1584467100000,5.3,5.43,5.2873,5.43,3318
1584468000000,5.4279,5.45,5.36,5.385,12002
1584468900000,5.37,5.39,5.37,5.37,3873
1584469800000,5.39,5.39,5.35,5.38,3780
1584470700000,5.365,5.365,5.35,5.35,2100
1584471600000,5.36,5.36,5.28,5.28,4020
1584472500000,5.285,5.3,5.275,5.276,6449
1584473400000,5.275,5.35,5.27,5.3499,6424
1584474300000,5.335,5.47,5.3218,5.43,16120
1584538200000,5.31,5.31,4.91,5.0022,32095
1584539100000,5.0,5.02,4.93,5.0,18076
1584540000000,5.0,5.09,5.0,5.06,15342
1584540900000,5.07,5.12,5.02,5.12,8618
1584541800000,5.15,5.2,5.09,5.13,7906
1584542700000,5.1219,5.17,5.03,5.17,11720
1584543600000,5.1498,5.19,5.12,5.12,2323
1584544500000,5.0745,5.1,5.03,5.055,5828
1584545400000,5.05,5.13,5.0435,5.115,3432
1584546300000,5.1151,5.19,5.1001,5.19,11650
1584547200000,5.188,5.188,5.1098,5.13,3434
1584548100000,5.095,5.12,5.08,5.08,920
1584549000000,5.07,5.08,5.04,5.06,5501
1584549900000,5.03,5.045,5.03,5.045,831
1584550800000,4.72,5.0,4.72,4.965,5673
1584551700000,4.97,4.97,4.96,4.97,5521
1584552600000,4.965,5.0,4.88,4.92,13107
1584553500000,4.93,4.94,4.9,4.91,31851
1584554400000,4.9001,4.98,4.9001,4.9475,6100
1584555300000,4.955,4.98,4.935,4.94,12250
1584556200000,4.96,5.06,4.96,5.06,25392
1584557100000,5.05,5.1,5.03,5.04,12804
1584558000000,5.04,5.06,5.0201,5.04,4138
1584558900000,5.05,5.06,4.93,4.935,13495
1584559800000,4.935,4.94,4.65,4.8,19253
1584560700000,4.775,4.78,4.59,4.61,17635
1584624600000,4.51,4.74,4.51,4.56,20869
1584625500000,4.53,4.616,4.31,4.595,56882
1584626400000,4.62,4.95,4.62,4.8,24593
1584627300000,4.83,4.9,4.82,4.86,2800
1584628200000,4.8483,4.89,4.8,4.88,6800
1584629100000,4.88,4.89,4.77,4.77,8400
1584630000000,4.75,4.79,4.75,4.79,4214
1584630900000,4.79,4.79,4.74,4.74,6715
1584631800000,4.7572,4.8498,4.7572,4.8498,2205
1584632700000,4.8395,4.88,4.8395,4.88,2600
1584633600000,4.88,4.89,4.88,4.88,800
1584634500000,4.885,4.9299,4.88,4.9299,4844
1584635400000,4.93,5.0,4.93,5.0,9418
1584636300000,5.01,5.09,5.01,5.035,4655
1584637200000,5.0495,5.155,5.0312,5.155,8140
1584638100000,5.17,5.2,5.16,5.19,3695
1584639000000,5.1879,5.23,5.1001,5.11,8427
1584639900000,5.1299,5.25,5.1299,5.25,3940
1584640800000,5.2135,5.23,5.1301,5.16,2954
1584641700000,5.16,5.24,5.16,5.24,1300
1584642600000,5.24,5.42,5.2,5.393,6493
1584643500000,5.43,5.44,5.4,5.44,4300
1584644400000,5.445,5.7,5.43,5.7,16440
1584645300000,5.7,5.78,5.57,5.7598,43199
1584646200000,5.75,5.75,5.47,5.53,15514
1584647100000,5.5281,5.5281,5.0,5.0,25496
1584711000000,5.13,5.16,5.07,5.0998,28539
1584711900000,5.07,5.2,5.02,5.09,18978
1584712800000,5.11,5.25,5.11,5.21,8741
1584713700000,5.2354,5.36,5.17,5.17,8854
1584714600000,5.15,5.17,5.02,5.06,8353
1584715500000,5.03,5.14,5.03,5.11,18886
1584716400000,5.08,5.38,5.08,5.38,39712
1584717300000,5.39,5.39,5.14,5.17,4748
1584718200000,5.13,5.21,5.12,5.21,7267
1584719100000,5.175,5.2,5.12,5.12,2675
1584720000000,5.12,5.12,5.01,5.05,2160
1584720900000,5.09,5.15,5.06,5.0601,12260
1584721800000,5.09,5.29,5.0601,5.2101,4824
1584722700000,5.29,5.36,5.29,5.295,4824
1584723600000,5.31,5.33,5.2301,5.28,5560
1584724500000,5.27,5.28,5.2,5.21,4450
1584725400000,5.1546,5.18,5.12,5.14,1588
1584726300000,5.12,5.16,5.1,5.1,2300
1584727200000,5.05,5.12,4.99,5.02,6848
1584728100000,4.99,4.99,4.9,4.9323,3661
1584729000000,4.92,4.96,4.91,4.94,6274
1584729900000,4.9397,4.98,4.93,4.96,12345
1584730800000,4.96,4.9831,4.82,4.82,5046
1584731700000,4.88,4.9899,4.86,4.975,8007
1584732600000,4.99,5.09,4.975,4.9985,9142
1584733500000,4.995,4.995,4.85,4.93,18240
1584970200000,5.17,5.26,5.0301,5.0301,24082
1584971100000,5.06,5.34,4.99,5.2601,33274
1584972000000,5.32,5.35,5.21,5.35,8950
1584972900000,5.37,5.43,5.35,5.4201,7836
1584973800000,5.46,5.57,5.44,5.57,10291
1584974700000,5.57,5.57,5.46,5.485,10671
1584975600000,5.51,5.62,5.51,5.6002,12630
1584976500000,5.61,5.7099,5.61,5.6734,2992
1584977400000,5.636,5.76,5.63,5.66,4064
1584978300000,5.6,5.78,5.591,5.78,9896
1584979200000,5.77,5.83,5.64,5.76,23400
1584980100000,5.76,5.86,5.71,5.81,11900
1584981000000,5.765,5.7775,5.72,5.75,4233
1584981900000,5.76,5.87,5.726,5.87,3927
1584982800000,5.87,5.88,5.78,5.88,9340
1584983700000,5.87,5.87,5.76,5.8385,4900
1584984600000,5.825,5.87,5.8245,5.87,950
1584985500000,5.87,5.936,5.8397,5.8397,8866
1584986400000,5.89,5.9,5.69,5.69,12508
1584987300000,5.73,5.75,5.46,5.71,27059
1584988200000,5.7,5.74,5.65,5.74,6100
1584989100000,5.759,5.84,5.49,5.5901,45856
1584990000000,5.63,5.7,5.63,5.7,845
1584990900000,5.7,5.76,5.6301,5.72,5351
1584991800000,5.715,5.73,5.57,5.61,8730
1584992700000,5.59,5.61,5.45,5.45,21039
1585056600000,6.03,6.36,6.03,6.2732,54948
1585057500000,6.2366,6.28,6.06,6.06,32077
1585058400000,6.05,6.11,5.9,6.08,27609
1585059300000,6.08,6.25,6.05,6.2395,18871
1585060200000,6.21,6.2275,6.07,6.085,7361
1585061100000,6.06,6.06,5.95,6.01,4373
1585062000000,6.0411,6.13,6.02,6.07,6386
1585062900000,6.06,6.21,6.06,6.16,4100
1585063800000,6.1518,6.25,6.11,6.2173,11764
1585064700000,6.21,6.2202,6.09,6.2202,5588
1585065600000,6.17,6.21,6.05,6.05,12749
1585066500000,6.05,6.14,6.05,6.14,4025
1585067400000,6.15,6.2237,6.13,6.17,4870
1585068300000,6.13,6.15,6.08,6.11,2499
1585069200000,6.11,6.11,6.01,6.1,10900
1585070100000,6.09,6.23,6.09,6.23,8399
1585071000000,6.23,6.23,6.17,6.19,4389
1585071900000,6.22,6.22,6.04,6.04,13947
1585072800000,6.09,6.17,6.01,6.155,5122
1585073700000,6.2,6.25,6.19,6.23,17055
1585074600000,6.22,6.23,6.2,6.2,3205
1585075500000,6.1901,6.38,6.19,6.2188,65299
1585076400000,6.19,6.39,6.19,6.36,10489
1585077300000,6.31,6.36,6.22,6.245,11585
1585078200000,6.23,6.38,6.23,6.35,16411
1585079100000,6.35,6.35,6.26,6.26,7643
1585143000000,6.15,6.23,6.08,6.1607,12707
1585143900000,6.1658,6.23,6.0299,6.1,22504
1585144800000,6.1,6.27,6.1,6.23,11852
1585145700000,6.26,6.4422,6.26,6.44,11080
1585146600000,6.348,6.348,6.15,6.15,9771
1585147500000,6.15,6.23,6.14,6.18,13922
1585148400000,6.2,6.29,6.2,6.29,13579
1585149300000,6.295,6.38,6.295,6.38,9858
1585150200000,6.38,6.38,6.277,6.32,7000
1585151100000,6.31,6.33,6.3,6.33,4165
1585152000000,6.33,6.37,6.292,6.36,10337
1585152900000,6.32,6.35,6.31,6.35,13740
1585153800000,6.36,6.38,6.35,6.37,7869
1585154700000,6.34,6.34,6.2901,6.302,1500
1585155600000,6.32,6.35,6.27,6.35,15148
1585156500000,6.335,6.35,6.325,6.35,2478
1585157400000,6.345,6.35,6.33,6.34,5580
1585158300000,6.33,6.34,6.18,6.18,15678
1585159200000,6.18,6.21,6.12,6.21,11328
1585160100000,6.19,6.2201,6.1781,6.1891,8284
1585161000000,6.19,6.19,6.14,6.15,2801
1585161900000,6.14,6.16,6.1283,6.1283,4835
1585162800000,6.116,6.22,6.116,6.16,5026
1585163700000,6.17,6.29,6.17,6.2739,5574
1585164600000,6.26,6.28,6.24,6.25,4816
1585165500000,6.24,6.25,6.17,6.17,8056
1585229400000,6.48,6.87,6.48,6.8213,35483
1585230300000,6.82,6.84,6.79,6.8008,15986
1585231200000,6.8,6.88,6.7991,6.85,22444
1585232100000,6.8245,6.85,6.685,6.7413,18265
1585233000000,6.77,6.78,6.6,6.645,25762
1585233900000,6.64,6.65,6.6,6.61,10221
1585234800000,6.6,6.64,6.6,6.6247,4397
1585235700000,6.61,6.625,6.6,6.6181,3600
1585236600000,6.61,6.62,6.6,6.605,14044
1585237500000,6.6,6.6,6.35,6.35,21690
1585238400000,6.39,6.39,6.1307,6.215,23080
1585239300000,6.2076,6.37,6.2076,6.37,14484
1585240200000,6.3401,6.3733,6.3401,6.3733,2100
1585241100000,6.3253,6.34,6.29,6.34,2700
1585242000000,6.2789,6.2988,6.21,6.21,1307
1585242900000,6.24,6.24,6.2,6.23,4220
1585243800000,6.23,6.45,6.1801,6.45,8892
1585244700000,6.44,6.44,6.41,6.43,1658
1585245600000,6.46,6.46,6.33,6.33,3270
1585246500000,6.31,6.4,6.29,6.3787,2400
1585247400000,6.4,6.4244,6.36,6.4244,1597
1585248300000,6.44,6.44,6.41,6.43,400
1585249200000,6.39,6.3932,6.34,6.38,2024
1585250100000,6.38,6.38,6.26,6.3,2700
1585251000000,6.33,6.39,6.31,6.39,12328
1585251900000,6.38,6.44,6.38,6.4,11815
1585315800000,6.01,6.15,6.01,6.05,24406
1585316700000,6.05,6.15,6.05,6.1327,3565
1585317600000,6.1436,6.15,6.06,6.08,11249
1585318500000,6.08,6.1,6.01,6.02,12330
1585319400000,6.02,6.03,5.9,5.93,33788
1585320300000,5.91,5.92,5.7701,5.795,25916
1585321200000,5.79,5.81,5.76,5.8,14589
1585322100000,5.8,5.82,5.74,5.75,7337
1585323000000,5.7305,5.7305,5.62,5.7195,34220
1585323900000,5.6901,5.72,5.67,5.67,3243
1585324800000,5.67,5.6713,5.65,5.65,17253
1585325700000,5.665,5.79,5.665,5.79,8850
1585326600000,5.81,5.82,5.78,5.78,2080
1585327500000,5.7952,5.7952,5.75,5.75,5628
1585328400000,5.735,5.79,5.68,5.71,15810
1585329300000,5.7032,5.71,5.68,5.6816,5425
1585330200000,5.6848,5.78,5.6848,5.76,8178
1585331100000,5.74,5.74,5.71,5.71,2655
1585332000000,5.71,5.72,5.7,5.7,4300
1585332900000,5.705,5.74,5.705,5.7399,12312
1585333800000,5.74,5.74,5.71,5.71,2559
1585334700000,5.71,5.72,5.71,5.71,5523
1585335600000,5.71,5.76,5.68,5.76,10591
1585336500000,5.76,5.8,5.6801,5.8,6177
1585337400000,5.8,5.81,5.765,5.8,6460
1585338300000,5.84,5.89,5.79,5.88,17195
1585575000000,5.92,6.09,5.92,6.07,13044
1585575900000,6.03,6.06,6.0145,6.06,6752
1585576800000,6.1,6.24,6.1,6.24,12544
1585577700000,6.25,6.34,6.245,6.3395,12769
1585578600000,6.3599,6.3599,6.18,6.2,28386
1585579500000,6.25,6.27,6.2389,6.2496,2969
1585580400000,6.25,6.29,6.25,6.26,1500
1585581300000,6.2396,6.2396,6.04,6.05,7516
1585582200000,6.07,6.11,6.03,6.06,14883
1585583100000,6.015,6.03,6.0,6.0,2600
1585584000000,6.005,6.01,5.99,6.0001,3350
1585584900000,6.0,6.0054,5.9,5.91,10257
1585585800000,5.92,5.93,5.9,5.9,13960
1585586700000,5.905,5.9399,5.9,5.9,2501
1585587600000,5.91,5.93,5.9,5.91,5055
1585588500000,5.9,5.91,5.9,5.9,5501
1585589400000,5.9,5.9,5.87,5.87,13630
1585590300000,5.86,5.86,5.85,5.85,2701
1585591200000,5.85,5.86,5.85,5.8599,1511
1585592100000,5.85,5.85,5.82,5.8299,4347
1585593000000,5.83,5.83,5.82,5.83,692
1585593900000,5.8264,5.83,5.82,5.83,772
1585594800000,5.82,5.83,5.82,5.825,400
1585595700000,5.82,5.82,5.82,5.82,1168
1585596600000,5.83,5.85,5.79,5.79,15959
1585597500000,5.79,5.84,5.775,5.81,20820
1585661400000,5.75,5.76,5.66,5.68,7834
1585662300000,5.66,5.67,5.53,5.56,14674
1585663200000,5.58,5.78,5.58,5.78,6034
1585664100000,5.8008,5.84,5.72,5.72,2120
1585665000000,5.68,5.68,5.59,5.6,5467
1585665900000,5.58,5.63,5.58,5.63,3095
1585666800000,5.63,5.65,5.62,5.645,2136
1585667700000,5.645,5.71,5.63,5.6774,2751
1585668600000,5.67,5.67,5.63,5.63,1510
1585669500000,5.62,5.64,5.58,5.64,8295
1585670400000,5.64,5.64,5.57,5.57,7597
1585671300000,5.56,5.5738,5.55,5.5604,7985
1585672200000,5.565,5.565,5.42,5.42,38122
1585673100000,5.42,5.49,5.41,5.44,8806
1585674000000,5.45,5.48,5.43,5.43,1790
1585674900000,5.4369,5.4369,5.34,5.3717,16644
1585675800000,5.38,5.5144,5.37,5.48,15932
1585676700000,5.49,5.5,5.39,5.5,6759
1585677600000,5.5,5.54,5.47,5.49,6572
1585678500000,5.48,5.5,5.47,5.5,1600
1585679400000,5.5,5.52,5.46,5.52,1481
1585680300000,5.49,5.56,5.49,5.56,2291
1585681200000,5.54,5.54,5.48,5.5,3148
1585682100000,5.4989,5.52,5.445,5.46,8860
1585683000000,5.44,5.46,5.42,5.44,7363
1585683900000,5.47,5.47,5.4,5.42,4737
1585747800000,5.33,5.33,4.88,5.0448,80390
1585748700000,5.01,5.1323,4.9842,5.129,8834
1585749600000,5.13,5.14,5.09,5.14,4463
1585750500000,5.1276,5.25,5.1276,5.19,9675
1585751400000,5.19,5.19,5.1,5.13,9500
1585752300000,5.15,5.3,5.15,5.25,4600
1585753200000,5.235,5.25,5.2299,5.23,6610
1585754100000,5.205,5.215,5.1777,5.1777,1496
1585755000000,5.2,5.2,5.115,5.14,5874
1585755900000,5.14,5.265,5.14,5.265,1619
1585756800000,5.27,5.3,5.16,5.19,7227
1585757700000,5.22,5.26,5.19,5.19,9851
1585758600000,5.18,5.22,5.17,5.19,9526
1585759500000,5.22,5.25,5.14,5.16,8718
1585760400000,5.145,5.2,5.1444,5.2,1001
1585761300000,5.17,5.25,5.17,5.21,9252
1585762200000,5.21,5.25,5.2,5.23,3200
1585763100000,5.1914,5.2025,5.12,5.155,2647
1585764000000,5.155,5.24,5.14,5.24,2600
1585764900000,5.22,5.22,5.15,5.2,1506
1585765800000,5.18,5.25,5.16,5.25,1405
1585766700000,5.255,5.32,5.255,5.305,9010
1585767600000,5.305,5.34,5.285,5.285,800
1585768500000,5.285,5.36,5.26,5.29,8541
1585769400000,5.29,5.37,5.26,5.35,5813
1585770300000,5.35,5.42,5.3332,5.38,10209
1585834200000,5.37,5.53,5.37,5.5,37575
1585835100000,5.47,5.61,5.47,5.545,6565
1585836000000,5.55,5.675,5.5101,5.675,6117
1585836900000,5.6716,5.6716,5.6207,5.625,6827
1585837800000,5.65,5.7,5.6043,5.6043,5475
1585838700000,5.605,5.7,5.605,5.7,4954
1585839600000,5.68,5.68,5.55,5.59,17807
1585840500000,5.62,5.65,5.58,5.65,1510
1585841400000,5.63,5.63,5.56,5.59,2600
1585842300000,5.6,5.72,5.6,5.69,7014
1585843200000,5.69,5.74,5.67,5.72,5985
1585844100000,5.71,5.74,5.64,5.74,10548
1585845000000,5.74,5.74,5.7,5.705,11384
1585845900000,5.66,5.68,5.64,5.65,5838
1585846800000,5.66,5.66,5.59,5.59,700
1585847700000,5.58,5.64,5.53,5.63,6333
1585848600000,5.62,5.62,5.5,5.5,21780
1585849500000,5.52,5.56,5.52,5.55,8428
1585850400000,5.56,5.57,5.42,5.44,3000
1585851300000,5.4285,5.4285,5.35,5.4,840
1585852200000,5.35,5.35,5.3,5.3412,8200
1585853100000,5.34,5.44,5.34,5.4233,5601
1585854000000,5.4345,5.4345,5.32,5.32,4710
1585854900000,5.3111,5.4289,5.31,5.36,12316
1585855800000,5.38,5.4,5.36,5.39,5024
1585856700000,5.38,5.4,5.34,5.34,6798
1585920600000,5.57,5.96,5.57,5.9499,47150
1585921500000,5.92,5.92,5.71,5.77,15972
1585922400000,5.76,5.83,5.72,5.74,17832
1585923300000,5.73,5.79,5.695,5.7764,15770
1585924200000,5.77,5.8,5.71,5.76,29196
1585925100000,5.75,5.841,5.71,5.841,27348
1585926000000,5.8599,5.99,5.8599,5.946,34375
1585926900000,5.9201,6.04,5.88,6.04,23519
1585927800000,6.0225,6.05,5.97,6.0173,12192
1585928700000,6.02,6.02,5.91,5.96,2100
1585929600000,5.9155,5.97,5.89,5.94,4055
1585930500000,5.94,5.95,5.93,5.95,9467
1585931400000,5.95,6.03,5.94,6.03,6999
1585932300000,6.04,6.04,5.98,6.03,15724
1585933200000,6.04,6.0671,6.01,6.0127,7004
1585934100000,5.98,6.0,5.9,5.98,12091
1585935000000,5.98,5.99,5.96,5.97,4748
1585935900000,5.98,5.98,5.92,5.9299,5238
1585936800000,5.91,5.91,5.86,5.886,12634
1585937700000,5.89,5.93,5.8834,5.8834,5751
1585938600000,5.885,5.9,5.81,5.81,5164
1585939500000,5.825,5.95,5.825,5.93,19042
1585940400000,5.94,5.94,5.83,5.83,24452
1585941300000,5.84,5.88,5.75,5.77,26418
1585942200000,5.8,5.88,5.785,5.845,6045
1585943100000,5.83,5.89,5.83,5.87,8158
1586179800000,6.46,6.728,6.46,6.62,85783
1586180700000,6.63,6.93,6.62,6.8901,62818
1586181600000,6.9,6.91,6.69,6.6971,44006
1586182500000,6.72,6.85,6.67,6.8121,28832
1586183400000,6.805,6.8301,6.78,6.8,22884
1586184300000,6.7801,6.79,6.58,6.64,24013
1586185200000,6.65,6.7702,6.61,6.75,25713
1586186100000,6.775,6.775,6.6,6.64,5678
1586187000000,6.5801,6.66,6.5801,6.66,14235
1586187900000,6.67,6.67,6.62,6.635,4405
1586188800000,6.62,6.65,6.61,6.65,9774
1586189700000,6.63,6.63,6.49,6.57,15899
1586190600000,6.58,6.62,6.58,6.61,8916
1586191500000,6.6,6.61,6.57,6.58,4800
1586192400000,6.58,6.6,6.56,6.57,3450
1586193300000,6.57,6.68,6.57,6.63,11815
1586194200000,6.62,6.62,6.58,6.62,11493
1586195100000,6.62,6.68,6.605,6.68,6382
1586196000000,6.68,6.8,6.68,6.7598,15501
1586196900000,6.76,6.77,6.72,6.74,15694
1586197800000,6.77,6.84,6.743,6.81,26008
1586198700000,6.81,6.84,6.8099,6.8176,10916
1586199600000,6.81,6.83,6.795,6.83,10092
1586200500000,6.83,6.895,6.8,6.88,29283
1586201400000,6.87,6.89,6.85,6.88,19934
1586202300000,6.87,6.9,6.76,6.9,22570
1586266200000,6.7,6.8,6.53,6.63,46560
1586267100000,6.635,6.86,6.635,6.83,17646
1586268000000,6.7601,6.8902,6.7601,6.8902,12297
1586268900000,6.8845,6.92,6.85,6.88,22676
1586269800000,6.87,6.88,6.83,6.87,8514
1586270700000,6.87,6.87,6.75,6.799,17900
1586271600000,6.76,6.765,6.61,6.662,15191
1586272500000,6.69,6.76,6.69,6.73,5636
1586273400000,6.73,6.74,6.7,6.7,1603
1586274300000,6.75,6.75,6.6501,6.69,720
1586275200000,6.7,6.73,6.69,6.69,1668
1586276100000,6.68,6.68,6.6362,6.67,6983
1586277000000,6.67,6.75,6.66,6.75,5839
1586277900000,6.74,6.75,6.71,6.73,3550
1586278800000,6.725,6.76,6.67,6.76,3496
1586279700000,6.76,6.76,6.7,6.7,8110
1586280600000,6.6964,6.7,6.64,6.67,4577
1586281500000,6.66,6.7,6.54,6.545,8802
1586282400000,6.54,6.58,6.5346,6.5486,4104
1586283300000,6.53,6.61,6.51,6.59,8406
1586284200000,6.6,6.62,6.47,6.47,7181
1586285100000,6.5,6.52,6.4792,6.52,17978
1586286000000,6.5,6.61,6.47,6.61,4781
1586286900000,6.62,6.6298,6.48,6.6,20170
1586287800000,6.595,6.62,6.57,6.59,4176
1586288700000,6.5683,6.6,6.52,6.54,7484
1586352600000,6.49,6.4901,6.34,6.49,15169
1586353500000,6.51,6.66,6.5,6.55,18576
1586354400000,6.51,6.67,6.5,6.53,31494
1586355300000,6.535,6.56,6.52,6.5312,7028
1586356200000,6.56,6.59,6.4948,6.51,2830
1586357100000,6.51,6.58,6.51,6.57,1270
1586358000000,6.58,6.58,6.398,6.53,7902
1586358900000,6.5253,6.54,6.43,6.52,3100
1586359800000,6.505,6.505,6.4596,6.47,2012
1586360700000,6.49,6.55,6.49,6.55,1402
1586361600000,6.51,6.57,6.51,6.51,3128
1586362500000,6.49,6.5,6.46,6.5,3580
1586363400000,6.55,6.56,6.49,6.55,2250
1586364300000,6.54,6.6,6.54,6.5404,1726
1586365200000,6.53,6.55,6.48,6.48,3842
1586366100000,6.5,6.51,6.48,6.4864,1345
1586367000000,6.467,6.54,6.467,6.5,2832
1586367900000,6.47,6.5398,6.45,6.51,8285
1586368800000,6.51,6.52,6.434,6.4401,3652
1586369700000,6.42,6.44,6.37,6.42,6384
1586370600000,6.4494,6.5,6.4494,6.49,7760
1586371500000,6.48,6.5,6.48,6.5,1741
1586372400000,6.52,6.52,6.48,6.49,5462
1586373300000,6.5,6.505,6.43,6.49,4308
1586374200000,6.485,6.51,6.47,6.49,6866
1586375100000,6.5,6.52,6.44,6.45,17043
1586439000000,6.84,6.9,6.79,6.86,40330
1586439900000,6.86,7.09,6.86,7.07,51945
1586440800000,7.068,7.085,6.97,7.085,25043
1586441700000,7.08,7.09,6.91,6.96,64201
1586442600000,6.94,7.09,6.92,7.09,14471
1586443500000,7.1,7.35,7.055,7.35,40344
1586444400000,7.335,7.3377,7.1301,7.1381,12391
1586445300000,7.1684,7.17,7.1221,7.14,2040
1586446200000,7.12,7.17,7.03,7.04,4953
1586447100000,7.03,7.15,7.0,7.15,8904
1586448000000,7.15,7.27,7.13,7.27,13893
1586448900000,7.25,7.287,7.21,7.27,8045
1586449800000,7.2701,7.39,7.2701,7.34,18928
1586450700000,7.312,7.312,7.23,7.23,8379
1586451600000,7.25,7.27,7.235,7.26,3450
1586452500000,7.26,7.4299,7.26,7.37,14424
1586453400000,7.36,7.39,7.29,7.371,19950
1586454300000,7.37,7.37,7.27,7.34,7250
1586455200000,7.34,7.34,7.26,7.32,4610
1586456100000,7.276,7.276,7.15,7.2,8139
1586457000000,7.19,7.21,7.0854,7.15,9797
1586457900000,7.1376,7.23,7.1376,7.22,3300
1586458800000,7.19,7.27,7.19,7.245,13561
1586459700000,7.245,7.32,7.2188,7.32,26192
1586460600000,7.32,7.39,7.32,7.38,10103
1586461500000,7.4,7.4,7.34,7.38,39701
1586784600000,7.4,7.44,7.35,7.42,46069
1586785500000,7.43,7.57,7.39,7.39,100565
1586786400000,7.39,7.55,7.3,7.49,35178
1586787300000,7.4791,7.7,7.44,7.661,33240
1586788200000,7.68,7.98,7.68,7.895,111935
1586789100000,7.895,8.02,7.895,8.02,75868
1586790000000,8.02,8.1899,7.985,8.09,46181
1586790900000,8.075,8.3,8.0601,8.2637,59008
1586791800000,8.2767,8.6199,8.2,8.46,135913
1586792700000,8.5,8.67,8.4,8.66,57087
1586793600000,8.59,8.69,8.46,8.5401,33594
1586794500000,8.59,8.73,8.5601,8.6897,41741
1586795400000,8.68,8.68,8.5,8.58,27469
1586796300000,8.6,8.77,8.5942,8.77,48084
1586797200000,8.77,8.95,8.65,8.76,63159
1586798100000,8.78,8.95,8.76,8.83,70435
1586799000000,8.84,9.13,8.834,9.0,108837
1586799900000,8.99,9.2399,8.99,9.21,65749
1586800800000,9.2136,9.69,9.1901,9.444,138102
1586801700000,9.43,9.65,9.31,9.36,119684
1586802600000,9.36,9.4099,8.95,9.0252,163406
1586803500000,9.06,9.17,8.88,8.93,35389
1586804400000,8.9101,8.97,8.63,8.7199,57703
1586805300000,8.72,8.83,8.68,8.8012,51824
1586806200000,8.83,9.155,8.83,8.98,53009
1586807100000,9.0,9.05,8.77,8.83,86042
1586871000000,8.85,9.18,8.55,8.5737,227863
1586871900000,8.56,8.9499,8.52,8.91,121938
1586872800000,8.9,8.97,8.68,8.81,149198
1586873700000,8.84,8.93,8.6928,8.7084,52324
1586874600000,8.71,8.8827,8.65,8.8427,50091
1586875500000,8.84,8.84,8.54,8.6138,39825
1586876400000,8.58,8.6099,8.11,8.33,81794
1586877300000,8.35,8.64,8.325,8.6,62441
1586878200000,8.62,8.73,8.6,8.64,39050
1586879100000,8.63,8.8986,8.63,8.82,51291
1586880000000,8.82,8.95,8.81,8.8172,21341
1586880900000,8.84,8.84,8.7608,8.81,9394
1586881800000,8.78,8.84,8.68,8.6815,8473
1586882700000,8.68,8.7033,8.61,8.67,11715
1586883600000,8.67,8.78,8.63,8.74,11975
1586884500000,8.71,8.745,8.65,8.745,4652
1586885400000,8.75,8.85,8.7415,8.7415,12080
1586886300000,8.73,8.79,8.66,8.78,11954
1586887200000,8.775,8.81,8.75,8.77,19035
1586888100000,8.7625,8.87,8.76,8.85,25329
1586889000000,8.85,8.86,8.78,8.78,9800
1586889900000,8.78,8.81,8.63,8.65,31466
1586890800000,8.65,8.67,8.33,8.51,59344
1586891700000,8.464,8.64,8.44,8.6139,21415
1586892600000,8.61,8.76,8.61,8.7499,33096
1586893500000,8.715,8.75,8.57,8.63,29915
1586957400000,8.47,8.5441,8.15,8.52,61143
1586958300000,8.55,8.91,8.53,8.8582,83096
1586959200000,8.87,8.87,8.73,8.76,40825
1586960100000,8.7697,8.85,8.6,8.6201,32419
1586961000000,8.64,8.75,8.57,8.57,35585
1586961900000,8.57,8.7,8.57,8.67,9581
1586962800000,8.7499,8.8,8.7052,8.73,12020
1586963700000,8.74,8.74,8.51,8.55,13304
1586964600000,8.55,8.62,8.41,8.49,25100
1586965500000,8.49,8.51,8.31,8.4101,22405
1586966400000,8.4406,8.4406,8.27,8.33,43213
1586967300000,8.31,8.34,8.27,8.285,8327
1586968200000,8.2967,8.38,8.25,8.38,16733
1586969100000,8.3701,8.3989,8.29,8.29,7888
1586970000000,8.31,8.38,8.29,8.3699,11816
1586970900000,8.3475,8.48,8.3475,8.48,4826
1586971800000,8.51,8.6,8.4901,8.55,19597
1586972700000,8.56,8.64,8.5023,8.6001,19462
1586973600000,8.63,8.745,8.6086,8.72,20610
1586974500000,8.715,8.82,8.56,8.59,23757
1586975400000,8.6,8.7,8.56,8.66,10944
1586976300000,8.66,8.7,8.62,8.68,6115
1586977200000,8.69,8.69,8.6,8.63,6284
1586978100000,8.6201,8.75,8.6201,8.68,26847
1586979000000,8.7,8.75,8.685,8.73,21393
1586979900000,8.73,8.8,8.71,8.78,65283
1587043800000,8.7,8.7,8.5,8.6517,52290
1587044700000,8.65,8.82,8.65,8.82,17445
1587045600000,8.84,8.97,8.84,8.94,55634
1587046500000,8.925,8.95,8.84,8.9,23018
1587047400000,8.8295,8.89,8.76,8.87,13037
1587048300000,8.8876,8.9,8.69,8.71,29269
1587049200000,8.725,8.83,8.68,8.74,8982
1587050100000,8.73,8.86,8.71,8.85,23358
1587051000000,8.83,8.875,8.71,8.75,18073
1587051900000,8.76,8.83,8.745,8.83,3279
1587052800000,8.8,8.8,8.74,8.7699,2660
1587053700000,8.7627,8.7763,8.63,8.75,15391
1587054600000,8.69,8.75,8.57,8.7435,23964
1587055500000,8.7,8.7,8.55,8.6,25606
1587056400000,8.6,8.64,8.58,8.6064,6543
1587057300000,8.61,8.708,8.61,8.68,1775
1587058200000,8.65,8.65,8.6,8.63,11072
1587059100000,8.63,8.71,8.61,8.62,3985
1587060000000,8.62,8.71,8.61,8.65,12463
1587060900000,8.65,8.66,8.6001,8.64,8497
1587061800000,8.64,8.66,8.64,8.65,4310
1587062700000,8.65,8.67,8.58,8.62,9091
1587063600000,8.62,8.63,8.5703,8.6,8520
1587064500000,8.59,8.7,8.58,8.67,16420
1587065400000,8.67,8.71,8.61,8.65,18784
1587066300000,8.64,8.7397,8.6227,8.71,27837
1587130200000,8.42,8.54,8.26,8.53,65621
1587131100000,8.5437,8.5437,8.32,8.39,28086
1587132000000,8.41,8.4198,8.25,8.285,59625
1587132900000,8.285,8.3822,8.24,8.27,42053
1587133800000,8.2707,8.3088,8.17,8.173,34231
1587134700000,8.1702,8.21,8.14,8.17,25561
1587135600000,8.17,8.17,7.86,8.06,102741
1587136500000,8.06,8.1,7.94,7.9672,44060
1587137400000,7.96,8.08,7.96,8.05,14025
1587138300000,8.0619,8.0619,7.98,7.99,11739
1587139200000,8.0067,8.0067,7.94,8.0,11209
1587140100000,8.0,8.03,7.95,8.0034,20530
1587141000000,7.9917,8.0599,7.9801,8.02,8099
1587141900000,8.0,8.01,7.97,7.995,9305
1587142800000,8.01,8.01,7.98,8.0,2753
1587143700000,8.03,8.03,8.01,8.02,1258
1587144600000,8.04,8.05,8.0,8.05,11317
1587145500000,8.06,8.07,8.02,8.04,4435
1587146400000,8.02,8.08,8.01,8.05,15160
1587147300000,8.07,8.11,8.03,8.09,13293
1587148200000,8.1029,8.14,8.035,8.1,23793
1587149100000,8.11,8.21,8.11,8.1899,20785
1587150000000,8.1745,8.19,8.14,8.169,10759
1587150900000,8.175,8.175,8.11,8.1499,17952
1587151800000,8.142,8.19,8.1,8.1654,16045
1587152700000,8.1641,8.24,8.16,8.22,54400
1587389400000,8.47,8.79,8.37,8.695,96856
1587390300000,8.6401,8.673,8.5201,8.57,38050
1587391200000,8.5657,8.5657,8.42,8.47,15306
1587392100000,8.47,8.52,8.4336,8.46,10826
1587393000000,8.47,8.65,8.47,8.55,20629
1587393900000,8.57,8.66,8.57,8.6599,12627
1587394800000,8.63,8.7489,8.63,8.66,15971
1587395700000,8.69,8.7606,8.6485,8.7606,14489
1587396600000,8.765,8.82,8.67,8.7273,44747
1587397500000,8.74,8.85,8.6868,8.7999,34212
1587398400000,8.8,8.935,8.79,8.92,18947
1587399300000,8.93,8.945,8.797,8.925,50099
1587400200000,8.9004,8.95,8.78,8.8202,21225
1587401100000,8.88,8.93,8.87,8.89,4699
1587402000000,8.89,8.94,8.85,8.925,21157
1587402900000,8.91,8.96,8.9,8.91,12899
1587403800000,8.86,8.98,8.84,8.92,61616
1587404700000,8.92,8.95,8.85,8.91,37292
1587405600000,8.89,8.94,8.84,8.87,28263
1587406500000,8.89,8.89,8.72,8.73,15465
1587407400000,8.71,8.74,8.65,8.68,19892
1587408300000,8.69,8.75,8.63,8.69,29695
1587409200000,8.68,8.73,8.59,8.65,26347
1587410100000,8.63,8.74,8.59,8.7,40595
1587411000000,8.74,8.83,8.74,8.79,15406
1587411900000,8.81,8.88,8.8,8.85,28858
1587475800000,8.35,8.35,8.1,8.19,102487
1587476700000,8.21,8.4,8.15,8.38,71703
1587477600000,8.39,8.4574,8.31,8.42,29749
1587478500000,8.39,8.56,8.36,8.48,27366
1587479400000,8.51,8.56,8.42,8.45,40020
1587480300000,8.46,8.6499,8.46,8.59,39601
1587481200000,8.6,8.6,8.51,8.54,30407
1587482100000,8.5301,8.555,8.35,8.4,20986
1587483000000,8.35,8.4911,8.35,8.435,14167
1587483900000,8.4193,8.43,8.34,8.39,7738
1587484800000,8.39,8.54,8.34,8.48,12656
1587485700000,8.49,8.55,8.47,8.54,14593
1587486600000,8.51,8.55,8.47,8.47,11207
1587487500000,8.485,8.5,8.47,8.4704,6302
1587488400000,8.47,8.4899,8.33,8.43,46695
1587489300000,8.4,8.45,8.4,8.44,6370
1587490200000,8.4355,8.51,8.41,8.47,30458
1587491100000,8.48,8.55,8.46,8.55,13187
1587492000000,8.55,8.56,8.45,8.54,35225
1587492900000,8.54,8.63,8.48,8.63,15476
1587493800000,8.625,8.64,8.46,8.48,17827
1587494700000,8.46,8.46,8.37,8.422,3297
1587495600000,8.4,8.47,8.4,8.4495,5168
1587496500000,8.445,8.52,8.445,8.51,20183
1587497400000,8.5184,8.56,8.51,8.52,20364
1587498300000,8.52,8.545,8.44,8.46,37818
1587562200000,8.97,9.11,8.96,9.0661,86240
1587563100000,9.05,9.1425,9.0051,9.065,45036
1587564000000,9.08,9.1,9.0,9.0767,47902
1587564900000,9.06,9.0617,8.97,9.01,23408
1587565800000,9.01,9.02,8.81,8.96,31986
1587566700000,8.95,8.9626,8.9,8.92,11289
1587567600000,8.9,8.9305,8.81,8.9305,24990
1587568500000,8.9102,8.96,8.85,8.94,28837
1587569400000,8.915,9.0,8.915,8.9748,21147
1587570300000,8.944,9.07,8.94,9.02,26479
1587571200000,9.04,9.04,8.96,9.04,18436
1587572100000,9.04,9.1,8.97,9.1,33759
1587573000000,9.0988,9.12,9.03,9.0874,26852
1587573900000,9.09,9.12,9.03,9.1,21438
1587574800000,9.095,9.14,9.03,9.09,24002
1587575700000,9.12,9.24,9.1,9.12,52871
1587576600000,9.125,9.1805,9.08,9.13,20387
1587577500000,9.18,9.19,9.06,9.1387,20727
1587578400000,9.13,9.19,9.06,9.06,43621
1587579300000,9.09,9.15,9.09,9.15,7306
1587580200000,9.14,9.14,9.0726,9.11,8435
1587581100000,9.0974,9.1,9.01,9.055,19108
1587582000000,9.07,9.0799,9.03,9.0555,15660
1587582900000,9.035,9.11,9.035,9.09,13169
1587583800000,9.09,9.11,9.08,9.1,11655
1587584700000,9.1,9.1,9.01,9.07,57473
1587648600000,9.35,9.53,9.24,9.5095,85962
1587649500000,9.49,9.55,9.3101,9.39,36575
1587650400000,9.4,9.52,9.37,9.52,70656
1587651300000,9.53,9.55,9.46,9.5,23073
1587652200000,9.47,9.47,9.379,9.3928,16363
1587653100000,9.4165,9.46,9.3501,9.3959,24575
1587654000000,9.41,9.52,9.4,9.44,23258
1587654900000,9.465,9.48,9.3489,9.47,27333
1587655800000,9.43,9.43,9.23,9.27,40156
1587656700000,9.245,9.28,9.13,9.27,40347
1587657600000,9.27,9.32,9.19,9.2795,10899
1587658500000,9.25,9.4,9.2376,9.3874,9906
1587659400000,9.4,9.415,9.377,9.4,3699
1587660300000,9.37,9.39,9.26,9.325,30955
1587661200000,9.32,9.42,9.26,9.37,20987
1587662100000,9.4,9.41,9.2,9.2701,26801
1587663000000,9.28,9.34,9.23,9.27,18619
1587663900000,9.26,9.29,9.01,9.04,34616
1587664800000,9.0157,9.16,8.95,9.16,11313
1587665700000,9.15,9.2,9.13,9.17,6017
1587666600000,9.19,9.28,9.15,9.18,6735
1587667500000,9.19,9.33,9.19,9.25,19750
1587668400000,9.26,9.26,9.19,9.23,3508
1587669300000,9.2,9.22,9.13,9.2,25279
1587670200000,9.2,9.22,9.16,9.179,12697
1587671100000,9.19,9.22,9.16,9.18,12324
1587735000000,9.54,9.64,9.46,9.4786,136301
1587735900000,9.47,9.51,9.3001,9.39,19237
1587736800000,9.37,9.38,9.1,9.243,37961
1587737700000,9.26,9.42,9.26,9.42,35838
1587738600000,9.42,9.51,9.4,9.5,40286
1587739500000,9.51,9.545,9.43,9.52,20452
1587740400000,9.51,9.51,9.26,9.3,6831
1587741300000,9.2669,9.3,9.11,9.185,11418
1587742200000,9.18,9.24,9.1366,9.14,6489
1587743100000,9.149,9.21,9.125,9.17,4424
1587744000000,9.14,9.2,9.129,9.19,16023
1587744900000,9.2,9.21,9.12,9.15,15407
1587745800000,9.15,9.19,9.12,9.1272,14149
1587746700000,9.14,9.25,9.14,9.24,13751
1587747600000,9.23,9.26,9.22,9.26,2725
1587748500000,9.26,9.33,9.25,9.3,11252
1587749400000,9.33,9.4176,9.33,9.3628,18316
1587750300000,9.34,9.45,9.302,9.41,44129
1587751200000,9.415,9.43,9.3034,9.37,21241
1587752100000,9.37,9.37,9.31,9.33,9445
1587753000000,9.35,9.37,9.27,9.29,8361
1587753900000,9.289,9.35,9.2888,9.335,9824
1587754800000,9.35,9.35,9.25,9.275,8502
1587755700000,9.275,9.34,9.275,9.31,8590
1587756600000,9.32,9.4,9.3,9.36,14400
1587757500000,9.37,9.38,9.35,9.38,22717
1587994200000,9.58,9.58,9.1599,9.18,64956
1587995100000,9.18,9.24,9.11,9.22,36695
1587996000000,9.22,9.29,8.9,8.94,44594
1587996900000,8.9472,9.0608,8.9301,9.0,27669
1587997800000,9.02,9.24,9.02,9.24,13271
1587998700000,9.225,9.23,9.07,9.13,19988
1587999600000,9.11,9.28,9.06,9.2744,15359
1588000500000,9.2668,9.3,9.25,9.3,7336
1588001400000,9.275,9.35,9.25,9.26,9102
1588002300000,9.27,9.27,9.2,9.2,1420
1588003200000,9.195,9.26,9.195,9.26,3200
1588004100000,9.24,9.351,9.24,9.3,4834
1588005000000,9.3425,9.37,9.29,9.37,6862
1588005900000,9.37,9.3961,9.325,9.33,3752
1588006800000,9.325,9.38,9.29,9.29,13246
1588007700000,9.29,9.32,9.25,9.32,4009
1588008600000,9.35,9.36,9.31,9.33,6270
1588009500000,9.3415,9.39,9.3,9.39,20055
1588010400000,9.381,9.44,9.34,9.36,7796
1588011300000,9.38,9.42,9.3321,9.3321,10914
1588012200000,9.33,9.3939,9.3252,9.3939,9675
1588013100000,9.35,9.39,9.35,9.39,6013
1588014000000,9.37,9.42,9.3301,9.4,7944
1588014900000,9.3778,9.41,9.35,9.4,13596
1588015800000,9.41,9.41,9.37,9.37,6875
1588016700000,9.36,9.375,9.3,9.3,24484
1588080600000,9.48,9.48,9.22,9.26,40510
1588081500000,9.3098,9.3296,9.06,9.11,32358
1588082400000,9.12,9.19,9.04,9.18,20535
1588083300000,9.19,9.21,9.1,9.1344,12214
1588084200000,9.1598,9.32,9.1598,9.22,18944
1588085100000,9.19,9.23,9.05,9.05,17166
1588086000000,9.08,9.1697,9.075,9.0801,11389
1588086900000,9.06,9.1381,9.0301,9.12,5318
1588087800000,9.1225,9.19,9.115,9.19,7525
1588088700000,9.18,9.2399,9.165,9.2399,2702
1588089600000,9.21,9.3099,9.19,9.3099,6071
1588090500000,9.31,9.31,9.21,9.2366,6944
1588091400000,9.2482,9.27,9.24,9.2655,3797
1588092300000,9.29,9.34,9.26,9.3063,1221
1588093200000,9.32,9.32,9.28,9.31,4866
1588094100000,9.34,9.34,9.29,9.29,2379
1588095000000,9.3025,9.4247,9.3025,9.4,6842
1588095900000,9.4,9.4,9.37,9.375,2000
1588096800000,9.3822,9.42,9.36,9.36,5097
1588097700000,9.3661,9.37,9.2701,9.31,5747
1588098600000,9.3276,9.35,9.3276,9.3351,2040
1588099500000,9.3373,9.35,9.28,9.3078,5949
1588100400000,9.2999,9.3282,9.27,9.32,5241
1588101300000,9.3064,9.37,9.28,9.37,3182
1588102200000,9.37,9.39,9.32,9.34,15545
1588103100000,9.34,9.34,9.2,9.3,24935
1588167000000,9.5,9.5,9.3,9.45,27573
1588167900000,9.42,9.48,9.4101,9.43,15440
1588168800000,9.44,9.5,9.41,9.46,35747
1588169700000,9.4684,9.4809,9.38,9.4,17621
1588170600000,9.409,9.46,9.39,9.4,10760
1588171500000,9.41,9.42,9.22,9.2755,12588
1588172400000,9.28,9.34,9.28,9.295,5701
1588173300000,9.28,9.3,9.25,9.28,5367
1588174200000,9.26,9.36,9.255,9.3004,7166
1588175100000,9.32,9.33,9.26,9.26,9087
1588176000000,9.25,9.25,9.15,9.205,27948
1588176900000,9.2192,9.25,9.17,9.19,4550
1588177800000,9.18,9.23,9.18,9.19,11708
1588178700000,9.17,9.17,9.06,9.12,26318
1588179600000,9.125,9.14,9.1,9.12,4117
1588180500000,9.14,9.23,9.1201,9.23,6757
1588181400000,9.2399,9.3,9.2,9.3,13033
1588182300000,9.28,9.35,9.27,9.35,3300
1588183200000,9.323,9.38,9.27,9.27,6836
1588184100000,9.27,9.27,9.15,9.2377,19204
1588185000000,9.2222,9.26,9.2,9.26,8915
1588185900000,9.26,9.307,9.26,9.28,2100
1588186800000,9.27,9.31,9.27,9.3047,6127
1588187700000,9.31,9.39,9.31,9.36,7550
1588188600000,9.3528,9.455,9.34,9.4303,17916
1588189500000,9.43,9.46,9.41,9.43,36383
1588253400000,9.43,9.59,9.36,9.5,42208
1588254300000,9.47,9.58,9.36,9.58,20447
1588255200000,9.55,9.58,9.45,9.47,38099
1588256100000,9.48,9.52,9.3,9.47,26102
1588257000000,9.47,9.5,9.44,9.45,9584
1588257900000,9.48,9.48,9.3405,9.3405,13817
1588258800000,9.3899,9.41,9.32,9.37,6680
1588259700000,9.4,9.44,9.375,9.375,3131
1588260600000,9.38,9.39,9.36,9.39,1400
1588261500000,9.37,9.37,9.2,9.2,19088
1588262400000,9.19,9.19,9.07,9.1,19802
1588263300000,9.09,9.1717,9.07,9.107,12724
1588264200000,9.1061,9.26,9.0985,9.26,3839
1588265100000,9.26,9.26,9.18,9.2084,5409
1588266000000,9.21,9.23,9.17,9.17,7141
1588266900000,9.18,9.2,9.08,9.0883,22136
1588267800000,9.09,9.175,9.04,9.052,18609
1588268700000,9.06,9.06,8.945,9.04,19700
1588269600000,9.05,9.17,9.03,9.17,5507
1588270500000,9.16,9.16,9.09,9.11,9667
1588271400000,9.11,9.11,9.03,9.05,14758
1588272300000,9.05,9.06,8.94,8.9745,18720
1588273200000,8.99,9.01,8.94,8.9919,5188
1588274100000,9.05,9.08,9.03,9.05,12996
1588275000000,9.0421,9.09,9.04,9.075,4123
1588275900000,9.04,9.08,9.01,9.02,15592
1588339800000,8.9,9.165,8.72,9.13,43055
1588340700000,9.11,9.35,9.1075,9.345,18417
1588341600000,9.3499,9.3499,9.1,9.14,9383
1588342500000,9.1311,9.15,8.97,9.0048,9139
1588343400000,9.01,9.08,9.0,9.06,6577
1588344300000,9.09,9.16,9.0,9.16,19227
1588345200000,9.13,9.25,9.11,9.23,12062
1588346100000,9.24,9.34,9.21,9.3157,13999
1588347000000,9.32,9.47,9.32,9.4671,16459
1588347900000,9.47,9.47,9.28,9.32,22862
1588348800000,9.3225,9.34,9.28,9.34,16476
1588349700000,9.31,9.36,9.29,9.29,6398
1588350600000,9.29,9.35,9.28,9.33,16075
1588351500000,9.3,9.361,9.3,9.351,5458
1588352400000,9.31,9.31,9.22,9.265,4101
1588353300000,9.265,9.2982,9.22,9.22,5279
1588354200000,9.24,9.27,9.215,9.27,1400
1588355100000,9.25,9.3297,9.25,9.3297,3580
1588356000000,9.31,9.36,9.26,9.27,4200
1588356900000,9.3,9.37,9.29,9.33,4155
1588357800000,9.32,9.37,9.3,9.35,3509
1588358700000,9.36,9.5,9.3599,9.5,25584
1588359600000,9.49,9.52,9.47,9.51,38075
1588360500000,9.51,9.52,9.43,9.49,18919
1588361400000,9.48,9.5,9.44,9.48,10295
1588362300000,9.485,9.52,9.45,9.48,39861
1588599000000,9.4,9.58,9.36,9.5441,80465
1588599900000,9.51,9.68,9.45,9.53,124360
1588600800000,9.5375,9.6084,9.495,9.54,46176
1588601700000,9.5241,9.63,9.5241,9.59,15550
1588602600000,9.6,9.62,9.47,9.55,47498
1588603500000,9.5501,9.56,9.37,9.4575,20895
1588604400000,9.52,9.6307,9.51,9.6,32107
1588605300000,9.61,9.835,9.575,9.82,57728
1588606200000,9.84,10.05,9.7978,10.05,118494
1588607100000,10.08,10.18,9.97,10.16,63768
1588608000000,10.14,10.16,10.02,10.02,48292
1588608900000,10.02,10.08,9.98,10.02,25104
1588609800000,9.99,10.02,9.95,9.9977,10377
1588610700000,10.0,10.0,9.9169,9.99,10152
1588611600000,9.99,10.0,9.9358,9.99,35084
1588612500000,9.99,10.05,9.96,10.04,40394
1588613400000,10.0484,10.0484,9.88,9.9,17212
1588614300000,9.9,9.98,9.9,9.98,14586
1588615200000,9.96,10.0,9.87,9.87,33728
1588616100000,9.85,9.95,9.83,9.9422,25099
1588617000000,9.91,9.93,9.81,9.886,31352
1588617900000,9.8899,9.9,9.75,9.783,43936
1588618800000,9.79,9.8898,9.77,9.8709,8156
1588619700000,9.84,9.91,9.84,9.91,8222
1588620600000,9.88,9.92,9.88,9.91,28593
1588621500000,9.92,9.97,9.8867,9.97,31078
1588685400000,9.93,9.96,9.83,9.9,58150
1588686300000,9.89,9.9197,9.7,9.71,40232
1588687200000,9.7153,9.72,9.6,9.67,29367
1588688100000,9.665,9.773,9.597,9.6,57994
1588689000000,9.6,9.62,9.52,9.5701,21104
1588689900000,9.5998,9.5998,9.52,9.57,9835
1588690800000,9.59,9.7,9.57,9.67,28559
1588691700000,9.67,9.73,9.6,9.6,9095
1588692600000,9.6328,9.67,9.61,9.6621,4827
1588693500000,9.66,9.72,9.64,9.72,9247
1588694400000,9.7353,9.79,9.73,9.77,6300
1588695300000,9.77,9.77,9.7218,9.7277,11035
1588696200000,9.73,9.74,9.7,9.718,2256
1588697100000,9.73,9.85,9.73,9.85,1077
1588698000000,9.8486,9.93,9.84,9.9196,6206
1588698900000,9.92,9.94,9.89,9.915,3017
1588699800000,9.94,9.99,9.91,9.94,10771
1588700700000,9.935,9.9695,9.905,9.9695,2000
1588701600000,9.95,10.04,9.9489,9.96,18406
1588702500000,9.98,10.01,9.97,9.98,11297
1588703400000,9.965,10.03,9.92,9.98,22132
1588704300000,9.96,9.99,9.94,9.96,12729
1588705200000,9.96,9.9801,9.9,9.96,22585
1588706100000,9.9429,9.97,9.86,9.86,6064
1588707000000,9.88,9.88,9.75,9.7773,23667
1588707900000,9.78,9.87,9.73,9.86,26341
1588771800000,9.5,9.6446,9.46,9.6446,74223
1588772700000,9.63,9.64,9.55,9.605,28353
1588773600000,9.59,9.59,9.34,9.36,46078
1588774500000,9.38,9.49,9.3736,9.425,18447
1588775400000,9.41,9.42,9.34,9.39,17342
1588776300000,9.42,9.55,9.42,9.51,10587
1588777200000,9.52,9.52,9.36,9.42,18846
1588778100000,9.4101,9.54,9.41,9.51,7163
1588779000000,9.52,9.6,9.496,9.57,9702
1588779900000,9.56,9.76,9.56,9.73,15174
1588780800000,9.71,9.71,9.54,9.54,48906
1588781700000,9.54,9.67,9.51,9.63,8787
1588782600000,9.59,9.59,9.5,9.5,4220
1588783500000,9.49,9.54,9.45,9.47,6125
1588784400000,9.4748,9.49,9.44,9.4701,17442
1588785300000,9.5,9.565,9.49,9.53,5290
1588786200000,9.54,9.56,9.51,9.51,2674
1588787100000,9.51,9.51,9.47,9.48,3300
1588788000000,9.45,9.47,9.43,9.4375,2665
1588788900000,9.45,9.475,9.42,9.43,10284
1588789800000,9.45,9.4599,9.42,9.43,3550
1588790700000,9.423,9.43,9.4,9.41,6949
1588791600000,9.41,9.45,9.405,9.43,5875
1588792500000,9.4356,9.44,9.39,9.39,4917
1588793400000,9.39,9.39,9.28,9.2925,27902
1588794300000,9.3109,9.35,9.28,9.29,34739
1588858200000,9.32,9.51,9.23,9.31,92791
1588859100000,9.31,9.36,9.26,9.3254,15773
1588860000000,9.31,9.45,9.3,9.3787,18394
1588860900000,9.42,9.449,9.24,9.25,13388
1588861800000,9.2501,9.26,9.14,9.15,25521
1588862700000,9.13,9.16,9.05,9.06,24991
1588863600000,9.06,9.07,8.83,8.84,86694
1588864500000,8.88,9.0699,8.85,9.0699,28608
1588865400000,9.065,9.07,9.01,9.03,18109
1588866300000,9.03,9.2,9.03,9.1501,48321
1588867200000,9.165,9.22,9.14,9.204,12493
1588868100000,9.21,9.245,9.02,9.084,21896
1588869000000,9.0701,9.17,9.07,9.15,15985
1588869900000,9.16,9.28,9.16,9.22,24988
1588870800000,9.2162,9.24,9.14,9.2231,66378
1588871700000,9.22,9.28,9.19,9.25,7866
1588872600000,9.27,9.32,9.26,9.32,10080
1588873500000,9.32,9.39,9.28,9.3791,7644
1588874400000,9.38,9.46,9.35,9.46,27104
1588875300000,9.4551,9.47,9.34,9.3896,21921
1588876200000,9.41,9.42,9.24,9.27,25567
1588877100000,9.27,9.315,9.265,9.29,7380
1588878000000,9.3,9.39,9.269,9.34,28672
1588878900000,9.33,9.38,9.32,9.38,15067
1588879800000,9.375,9.375,9.29,9.2903,11115
1588880700000,9.3,9.31,9.2463,9.31,30149
1588944600000,9.41,9.73,9.33,9.695,52459
1588945500000,9.68,9.7197,9.54,9.546,26737
1588946400000,9.59,9.62,9.48,9.59,22830
1588947300000,9.6051,9.81,9.6051,9.7326,31516
1588948200000,9.72,9.8587,9.72,9.81,22179
1588949100000,9.81,9.85,9.65,9.74,16997
1588950000000,9.71,9.82,9.67,9.68,31273
1588950900000,9.72,9.73,9.585,9.65,9147
1588951800000,9.65,9.72,9.61,9.69,11693
1588952700000,9.66,9.67,9.5827,9.61,12100
1588953600000,9.59,9.65,9.46,9.475,9419
1588954500000,9.51,9.55,9.481,9.55,5855
1588955400000,9.57,9.62,9.54,9.54,9369
1588956300000,9.55,9.57,9.49,9.55,12281
1588957200000,9.52,9.58,9.48,9.58,9282
1588958100000,9.5692,9.58,9.5,9.5,5609
1588959000000,9.5039,9.53,9.45,9.48,6411
1588959900000,9.5,9.52,9.46,9.52,1125
1588960800000,9.51,9.51,9.4505,9.4823,3486
1588961700000,9.49,9.55,9.49,9.54,3237
1588962600000,9.55,9.58,9.52,9.57,3960
1588963500000,9.58,9.58,9.53,9.58,3593
1588964400000,9.5798,9.58,9.47,9.5,15322
1588965300000,9.505,9.53,9.46,9.52,13365
1588966200000,9.505,9.58,9.5,9.57,6380
1588967100000,9.55,9.59,9.55,9.58,10763
1589203800000,9.61,9.7,9.57,9.61,28131
1589204700000,9.6299,9.6299,9.34,9.34,28426
1589205600000,9.3676,9.46,9.28,9.28,15211
1589206500000,9.27,9.27,9.07,9.19,36053
1589207400000,9.21,9.25,9.19,9.25,14833
1589208300000,9.24,9.3,9.21,9.3,4825
1589209200000,9.31,9.31,9.18,9.195,7920
1589210100000,9.195,9.25,9.195,9.25,5392
1589211000000,9.25,9.28,9.2,9.2119,7078
1589211900000,9.24,9.26,9.15,9.2,15214
1589212800000,9.2007,9.225,9.17,9.19,5024
1589213700000,9.21,9.21,9.1317,9.15,2349
1589214600000,9.138,9.16,9.11,9.16,8656
1589215500000,9.1701,9.24,9.13,9.22,5427
1589216400000,9.23,9.31,9.21,9.2805,21226
1589217300000,9.27,9.33,9.26,9.26,6311
1589218200000,9.3,9.3,9.26,9.29,8602
1589219100000,9.29,9.31,9.22,9.31,5988
1589220000000,9.31,9.335,9.25,9.26,2310
1589220900000,9.27,9.275,9.21,9.21,3478
1589221800000,9.22,9.26,9.21,9.22,12354
1589222700000,9.25,9.31,9.25,9.31,6416
1589223600000,9.3,9.35,9.3,9.33,14677
1589224500000,9.35,9.363,9.325,9.35,4650
1589225400000,9.33,9.34,9.299,9.3273,7873
1589226300000,9.32,9.32,9.22,9.24,11831
1589290200000,9.19,9.43,9.19,9.42,71088
1589291100000,9.4114,9.47,9.3501,9.42,14527
1589292000000,9.44,9.53,9.4,9.51,30638
1589292900000,9.51,9.62,9.51,9.58,26982
1589293800000,9.605,9.68,9.5864,9.68,12466
1589294700000,9.67,9.68,9.61,9.67,35501
1589295600000,9.7,9.74,9.62,9.62,15067
1589296500000,9.61,9.6733,9.61,9.6654,9449
1589297400000,9.67,9.67,9.56,9.61,9301
1589298300000,9.61,9.62,9.406,9.44,25104
1589299200000,9.42,9.46,9.41,9.42,9386
1589300100000,9.43,9.51,9.41,9.49,14576
1589301000000,9.48,9.5,9.44,9.4433,4548
1589301900000,9.45,9.52,9.45,9.5155,5660
1589302800000,9.5,9.52,9.49,9.5,2801
1589303700000,9.485,9.49,9.42,9.49,7699
1589304600000,9.49,9.51,9.45,9.45,6900
1589305500000,9.46,9.51,9.43,9.46,4575
1589306400000,9.48,9.52,9.48,9.5,3760
1589307300000,9.51,9.52,9.45,9.48,2800
1589308200000,9.47,9.48,9.43,9.43,3000
1589309100000,9.4469,9.4469,9.41,9.44,3300
1589310000000,9.41,9.4374,9.37,9.37,4113
1589310900000,9.37,9.3703,9.29,9.32,17621
1589311800000,9.34,9.34,9.14,9.19,42690
1589312700000,9.2,9.26,9.18,9.24,34543
1589376600000,9.5,9.56,9.38,9.5281,36399
1589377500000,9.55,9.59,9.5,9.59,10718
1589378400000,9.575,9.58,9.48,9.48,29674
1589379300000,9.475,9.64,9.44,9.62,24959
1589380200000,9.61,9.73,9.59,9.62,31372
1589381100000,9.65,9.68,9.6,9.66,31069
1589382000000,9.65,9.65,9.58,9.63,15895
1589382900000,9.64,9.64,9.58,9.62,3400
1589383800000,9.635,9.6845,9.62,9.62,6022
1589384700000,9.635,9.645,9.48,9.49,9245
1589385600000,9.5059,9.5059,9.3,9.359,10714
1589386500000,9.36,9.36,9.18,9.26,17290
1589387400000,9.28,9.35,9.25,9.34,16862
1589388300000,9.36,9.43,9.33,9.4065,8774
1589389200000,9.39,9.39,9.26,9.357,10381
1589390100000,9.34,9.38,9.3,9.33,3034
1589391000000,9.37,9.37,9.34,9.36,4389
1589391900000,9.33,9.37,9.3,9.35,8532
1589392800000,9.355,9.37,9.3,9.345,6294
1589393700000,9.34,9.375,9.31,9.36,6793
1589394600000,9.35,9.35,9.31,9.34,2260
1589395500000,9.34,9.405,9.33,9.39,5845
1589396400000,9.4,9.4704,9.4,9.43,12353
1589397300000,9.44,9.47,9.37,9.47,8049
1589398200000,9.455,9.5,9.455,9.47,7805
1589399100000,9.46,9.55,9.45,9.54,12966
1589463000000,9.57,9.73,9.49,9.68,87264
1589463900000,9.71,9.75,9.66,9.725,55327
1589464800000,9.7293,9.94,9.7293,9.9,61681
1589465700000,9.92,9.965,9.86,9.8901,37199
1589466600000,9.92,9.95,9.83,9.86,35514
1589467500000,9.88,9.905,9.78,9.838,28651
1589468400000,9.845,9.91,9.82,9.89,21625
1589469300000,9.9,9.9,9.86,9.88,16637
1589470200000,9.8996,9.9,9.88,9.89,10780
1589471100000,9.89,9.9,9.85,9.88,13710
1589472000000,9.9,9.93,9.87,9.9001,28137
1589472900000,9.93,9.95,9.82,9.86,20465
1589473800000,9.865,9.88,9.77,9.79,21923
1589474700000,9.7801,9.8,9.73,9.73,13890
1589475600000,9.73,9.73,9.56,9.72,28199
1589476500000,9.71,9.85,9.71,9.85,24842
1589477400000,9.855,9.855,9.79,9.8,7922
1589478300000,9.83,9.85,9.75,9.76,6382
1589479200000,9.75,9.77,9.6927,9.75,11331
1589480100000,9.76,9.78,9.73,9.775,6126
1589481000000,9.76,9.78,9.735,9.76,4225
1589481900000,9.81,9.85,9.8,9.85,3566
1589482800000,9.83,9.86,9.81,9.83,13773
1589483700000,9.84,9.89,9.82,9.84,10845
1589484600000,9.83,9.855,9.77,9.84,10009
1589485500000,9.85,9.87,9.82,9.85,23568
1589549400000,10.08,10.16,9.98,10.0,81646
1589550300000,10.005,10.04,9.96,10.0,25823
1589551200000,10.0,10.01,9.83,9.9527,27878
1589552100000,9.97,10.02,9.95,10.01,48567
1589553000000,10.0,10.14,9.96,10.05,31203
1589553900000,10.05,10.14,10.05,10.14,5101
1589554800000,10.1398,10.36,10.13,10.1783,35325
1589555700000,10.175,10.22,10.1201,10.1201,16112
1589556600000,10.12,10.22,10.12,10.2,11876
1589557500000,10.21,10.23,10.2,10.205,33434
1589558400000,10.21,10.2901,10.2,10.25,32650
1589559300000,10.25,10.3,10.24,10.2501,10585
1589560200000,10.225,10.3,10.22,10.28,22066
1589561100000,10.279,10.3,10.26,10.295,4645
1589562000000,10.295,10.3,10.28,10.28,8413
1589562900000,10.285,10.29,10.25,10.281,19873
1589563800000,10.27,10.3,10.2608,10.29,14913
1589564700000,10.3,10.3,10.25,10.25,22051
1589565600000,10.2228,10.2697,10.1659,10.1659,7156
1589566500000,10.17,10.23,10.17,10.18,3373
1589567400000,10.17,10.19,10.09,10.092,22094
1589568300000,10.1257,10.19,10.12,10.17,7777
1589569200000,10.173,10.26,10.173,10.26,9572
1589570100000,10.26,10.305,10.25,10.3,22476
1589571000000,10.295,10.3,10.29,10.3,26549
1589571900000,10.3,10.35,10.29,10.34,39316
1589808600000,10.34,10.49,10.08,10.08,189295
1589809500000,10.0649,10.11,9.67,10.02,88845
1589810400000,9.99,10.065,9.86,10.0634,45387
1589811300000,10.0684,10.2,10.0,10.15,36416
1589812200000,10.15,10.28,10.1186,10.18,39593
1589813100000,10.1873,10.23,10.07,10.22,13315
1589814000000,10.22,10.22,9.99,10.05,12341
1589814900000,10.03,10.03,9.74,9.7998,30710
1589815800000,9.8,9.86,9.76,9.8,16866
1589816700000,9.83,9.93,9.73,9.7364,21272
1589817600000,9.73,9.83,9.72,9.77,16094
1589818500000,9.763,9.83,9.72,9.73,14076
1589819400000,9.735,9.845,9.735,9.8017,4736
1589820300000,9.8,9.83,9.75,9.762,6029
1589821200000,9.74,9.8,9.729,9.73,11558
1589822100000,9.7599,9.79,9.72,9.775,9174
1589823000000,9.78,9.84,9.76,9.79,7144
1589823900000,9.8,9.885,9.8,9.87,9810
1589824800000,9.87,9.95,9.87,9.935,8136
1589825700000,9.919,9.95,9.8715,9.895,9876
1589826600000,9.92,9.97,9.8817,9.94,12536
1589827500000,9.9608,9.97,9.89,9.9,7044
1589828400000,9.905,9.95,9.88,9.89,11438
1589829300000,9.88,9.92,9.87,9.91,7987
1589830200000,9.91,9.94,9.9,9.93,14692
1589831100000,9.91,9.91,9.81,9.81,28869
1589895000000,9.99,10.35,9.99,10.32,36647
1589895900000,10.2999,10.3459,10.21,10.33,36325
1589896800000,10.33,10.34,10.22,10.25,32093
1589897700000,10.2711,10.38,10.27,10.28,51334
1589898600000,10.26,10.38,10.2199,10.34,46879
1589899500000,10.33,10.365,10.3,10.31,41509
1589900400000,10.31,10.31,10.11,10.215,29752
1589901300000,10.205,10.21,10.14,10.19,8705
1589902200000,10.17,10.17,10.0,10.06,28662
1589903100000,10.09,10.19,10.0827,10.19,8470
1589904000000,10.215,10.24,10.15,10.17,3774
1589904900000,10.185,10.2471,10.185,10.2471,2573
1589905800000,10.26,10.29,10.23,10.28,2620
1589906700000,10.26,10.3,10.225,10.27,4687
1589907600000,10.25,10.27,10.25,10.27,1800
1589908500000,10.26,10.2999,10.24,10.2999,4700
1589909400000,10.27,10.28,10.19,10.225,13659
1589910300000,10.23,10.29,10.21,10.2845,6522
1589911200000,10.3,10.315,10.27,10.29,8297
1589912100000,10.29,10.33,10.2596,10.29,14824
1589913000000,10.3001,10.31,10.29,10.31,5023
1589913900000,10.305,10.315,10.25,10.25,18200
1589914800000,10.25,10.31,10.24,10.27,14883
1589915700000,10.26,10.26,10.21,10.245,7296
1589916600000,10.2325,10.32,10.2325,10.31,31926
1589917500000,10.305,10.31,10.24,10.3,23548
1589981400000,10.3,10.35,10.11,10.1658,63266
1589982300000,10.25,10.42,10.2179,10.41,27921
1589983200000,10.39,10.43,10.29,10.31,26111
1589984100000,10.3,10.36,10.1704,10.23,20276
1589985000000,10.23,10.26,10.07,10.12,18089
1589985900000,10.14,10.1798,10.0301,10.16,18861
1589986800000,10.15,10.1601,10.04,10.09,11392
1589987700000,10.09,10.144,10.05,10.144,8606
1589988600000,10.1308,10.1308,10.02,10.07,10240
1589989500000,10.08,10.08,9.874,9.95,39276
1589990400000,9.92,9.96,9.9,9.96,15832
1589991300000,9.99,10.0,9.8901,9.91,8779
1589992200000,9.96,9.98,9.9076,9.94,11173
1589993100000,9.93,9.98,9.9125,9.9125,6936
1589994000000,9.94,9.9903,9.94,9.96,3534
1589994900000,9.99,9.99,9.94,9.98,3514
1589995800000,9.98,10.01,9.97,9.985,10279
1589996700000,9.99,10.08,9.9716,9.99,8870
1589997600000,10.01,10.1,10.0061,10.07,3645
1589998500000,10.09,10.09,10.01,10.02,6638
1589999400000,10.0,10.0,9.9,9.9,5376
1590000300000,9.9001,9.98,9.9001,9.98,5808
1590001200000,9.96,9.98,9.93,9.93,3095
1590002100000,9.915,10.02,9.915,10.01,8378
1590003000000,10.02,10.11,10.02,10.09,22789
1590003900000,10.08,10.1,10.03,10.09,31452
1590067800000,10.17,10.17,9.84,9.89,39175
1590068700000,9.88,9.91,9.74,9.81,28096
1590069600000,9.79,9.81,9.55,9.61,50840
1590070500000,9.605,9.605,9.41,9.54,46933
1590071400000,9.51,9.52,9.32,9.35,39092
1590072300000,9.32,9.36,9.18,9.26,71760
1590073200000,9.26,9.39,9.12,9.36,44390
1590074100000,9.37,9.37,9.22,9.2375,19905
1590075000000,9.24,9.33,9.24,9.29,15617
1590075900000,9.28,9.3,9.215,9.26,24052
1590076800000,9.26,9.38,9.2485,9.36,23661
1590077700000,9.37,9.37,9.275,9.33,9021
1590078600000,9.325,9.3448,9.28,9.29,21604
1590079500000,9.2899,9.34,9.26,9.285,19026
1590080400000,9.28,9.37,9.28,9.31,12156
1590081300000,9.29,9.3,9.2,9.22,16488
1590082200000,9.23,9.29,9.215,9.28,14522
1590083100000,9.28,9.45,9.28,9.44,48589
1590084000000,9.435,9.48,9.415,9.43,15187
1590084900000,9.4201,9.52,9.42,9.51,30237
1590085800000,9.51,9.62,9.505,9.605,41590
1590086700000,9.605,9.71,9.6,9.6562,23845
1590087600000,9.66,9.6896,9.595,9.675,37220
1590088500000,9.67,9.78,9.655,9.78,47067
1590089400000,9.78,9.88,9.69,9.74,58815
1590090300000,9.72,9.72,9.6,9.66,47267
1590154200000,9.62,9.865,9.62,9.84,19227
1590155100000,9.86,10.04,9.8,9.835,25128
1590156000000,9.82,9.89,9.74,9.81,32203
1590156900000,9.8298,9.83,9.62,9.69,16379
1590157800000,9.65,9.69,9.59,9.61,13037
1590158700000,9.62,9.7,9.59,9.59,6752
1590159600000,9.58,9.628,9.51,9.51,23854
1590160500000,9.51,9.54,9.44,9.51,15444
1590161400000,9.54,9.5467,9.45,9.465,5800
1590162300000,9.485,9.4999,9.4,9.445,7459
1590163200000,9.46,9.46,9.34,9.4,15468
1590164100000,9.39,9.41,9.3559,9.37,13731
1590165000000,9.38,9.4299,9.37,9.41,3599
1590165900000,9.4,9.4,9.32,9.35,11133
1590166800000,9.36,9.4,9.34,9.4,5816
1590167700000,9.3903,9.42,9.3,9.35,17977
1590168600000,9.3201,9.37,9.31,9.31,8239
1590169500000,9.32,9.35,9.28,9.3,17082
1590170400000,9.29,9.3113,9.22,9.285,17704
1590171300000,9.31,9.34,9.27,9.28,9651
1590172200000,9.2781,9.37,9.2781,9.36,11271
1590173100000,9.365,9.37,9.35,9.3636,5913
1590174000000,9.36,9.36,9.345,9.355,9708
1590174900000,9.36,9.39,9.34,9.357,13537
1590175800000,9.365,9.37,9.31,9.31,9684
1590176700000,9.3036,9.3225,9.25,9.27,36134
1590499800000,9.24,9.34,9.13,9.26,34320
1590500700000,9.26,9.31,9.17,9.17,17496
1590501600000,9.1194,9.14,8.99,9.09,36304
1590502500000,9.09,9.12,9.02,9.08,17936
1590503400000,9.0677,9.07,9.01,9.03,10899
1590504300000,9.03,9.0799,9.0,9.02,19317
1590505200000,9.0499,9.11,9.02,9.11,23210
1590506100000,9.115,9.2,9.09,9.15,17003
1590507000000,9.121,9.21,9.121,9.21,12078
1590507900000,9.218,9.26,9.218,9.23,17593
1590508800000,9.238,9.26,9.17,9.18,3800
1590509700000,9.19,9.195,9.16,9.175,4958
1590510600000,9.18,9.21,9.11,9.135,8620
1590511500000,9.14,9.17,9.105,9.14,5556
1590512400000,9.17,9.17,9.08,9.09,3442
1590513300000,9.09,9.17,9.09,9.14,7650
1590514200000,9.15,9.17,9.1,9.1,5882
1590515100000,9.1062,9.13,9.08,9.09,4121
1590516000000,9.08,9.11,9.08,9.09,2509
1590516900000,9.1,9.14,9.07,9.14,13157
1590517800000,9.12,9.14,9.1183,9.12,5642
1590518700000,9.12,9.14,9.09,9.12,8401
1590519600000,9.14,9.14,9.09,9.09,14468
1590520500000,9.0801,9.105,9.05,9.05,14068
1590521400000,9.05,9.07,9.03,9.05,10142
1590522300000,9.06,9.1,9.01,9.01,17373
1590586200000,8.67,8.8,8.52,8.74,58722
1590587100000,8.73,8.92,8.73,8.87,20514
1590588000000,8.86,8.89,8.81,8.815,13010
1590588900000,8.82,9.02,8.82,8.99,26845
1590589800000,8.9418,8.96,8.86,8.87,12356
1590590700000,8.85,8.88,8.76,8.87,13272
1590591600000,8.86,8.87,8.75,8.825,9275
1590592500000,8.79,8.95,8.79,8.92,4300
1590593400000,8.9499,8.9499,8.8251,8.86,6318
1590594300000,8.855,8.92,8.81,8.875,4403
1590595200000,8.8761,9.055,8.8761,9.05,16524
1590596100000,9.07,9.12,9.01,9.02,15676
1590597000000,9.02,9.0909,9.01,9.02,13421
1590597900000,9.03,9.07,9.03,9.06,7206
1590598800000,9.03,9.09,9.03,9.09,4844
1590599700000,9.085,9.15,9.085,9.11,6726
1590600600000,9.09,9.11,9.04,9.08,4565
1590601500000,9.07,9.19,9.07,9.14,7747
1590602400000,9.14,9.19,9.1232,9.17,10236
1590603300000,9.16,9.18,9.145,9.17,5010
1590604200000,9.18,9.19,9.13,9.14,19884
1590605100000,9.13,9.18,9.11,9.14,10199
1590606000000,9.16,9.18,9.12,9.14,4197
1590606900000,9.1318,9.15,9.1,9.15,3248
1590607800000,9.12,9.18,9.085,9.13,29292
1590608700000,9.125,9.18,9.125,9.18,15423
1590672600000,9.32,9.6563,9.32,9.625,65620
1590673500000,9.621,9.63,9.4525,9.4525,12861
1590674400000,9.43,9.48,9.33,9.46,8915
1590675300000,9.4799,9.57,9.435,9.57,4336
1590676200000,9.5355,9.69,9.5355,9.6,19963
1590677100000,9.5767,9.6921,9.5767,9.67,7876
1590678000000,9.6556,9.79,9.6556,9.78,30840
1590678900000,9.78,9.7998,9.71,9.75,10637
1590679800000,9.75,9.76,9.61,9.65,13660
1590680700000,9.66,9.66,9.61,9.6255,3857
1590681600000,9.61,9.61,9.5136,9.56,7799
1590682500000,9.5674,9.5674,9.51,9.54,5001
1590683400000,9.5599,9.56,9.5,9.5,4904
1590684300000,9.515,9.63,9.5102,9.6,5780
1590685200000,9.5464,9.62,9.5464,9.61,5477
1590686100000,9.6,9.6,9.47,9.47,14334
1590687000000,9.48,9.48,9.38,9.38,12562
1590687900000,9.38,9.39,9.24,9.25,22421
1590688800000,9.26,9.28,9.22,9.22,25446
1590689700000,9.215,9.26,9.215,9.25,7296
1590690600000,9.24,9.26,9.21,9.235,12579
1590691500000,9.24,9.26,9.2358,9.25,20166
1590692400000,9.26,9.26,9.24,9.26,6177
1590693300000,9.25,9.29,9.22,9.28,17923
1590694200000,9.27,9.3,9.27,9.3,8633
1590695100000,9.29,9.32,9.271,9.29,31838
1590759000000,9.75,9.85,9.72,9.77,53113
1590759900000,9.7583,9.77,9.6055,9.62,13731
1590760800000,9.64,9.69,9.59,9.63,9722
1590761700000,9.6555,9.79,9.65,9.77,21797
1590762600000,9.78,9.8,9.75,9.77,33329
1590763500000,9.79,9.82,9.73,9.82,32087
1590764400000,9.81,9.865,9.785,9.805,31724
1590765300000,9.79,9.81,9.71,9.7486,14509
1590766200000,9.75,9.76,9.7,9.7496,10099
1590767100000,9.7583,9.77,9.75,9.77,4029
1590768000000,9.77,9.8,9.77,9.795,11714
1590768900000,9.7881,9.8083,9.77,9.78,16687
1590769800000,9.79,9.86,9.785,9.82,14663
1590770700000,9.8199,9.82,9.79,9.795,5088
1590771600000,9.81,9.81,9.78,9.8,4172
1590772500000,9.8092,9.8092,9.78,9.79,8516
1590773400000,9.79,9.84,9.785,9.785,7118
1590774300000,9.77,9.79,9.76,9.79,6890
1590775200000,9.78,9.83,9.69,9.78,31308
1590776100000,9.775,9.78,9.68,9.68,3743
1590777000000,9.66,9.73,9.65,9.73,5711
1590777900000,9.75,9.79,9.72,9.73,11884
1590778800000,9.72,9.72,9.63,9.68,9109
1590779700000,9.675,9.74,9.67,9.74,10705
1590780600000,9.74,9.75,9.6703,9.685,7330
1590781500000,9.685,9.77,9.685,9.77,22661
1591018200000,9.81,9.99,9.81,9.97,34746
1591019100000,9.9401,9.9401,9.747,9.84,21247
1591020000000,9.81,9.86,9.74,9.8199,9483
1591020900000,9.83,9.83,9.7527,9.78,3713
1591021800000,9.7874,9.7997,9.6768,9.6768,22796
1591022700000,9.69,9.7,9.63,9.685,10379
1591023600000,9.6783,9.79,9.65,9.735,10618
1591024500000,9.7375,9.74,9.65,9.74,4125
1591025400000,9.74,9.82,9.71,9.77,16017
1591026300000,9.7715,9.8,9.73,9.75,7530
1591027200000,9.75,9.75,9.67,9.7,1603
1591028100000,9.7,9.725,9.6862,9.71,6570
1591029000000,9.72,9.7428,9.7,9.7342,2084
1591029900000,9.73,9.7367,9.68,9.68,4769
1591030800000,9.68,9.72,9.68,9.68,5834
1591031700000,9.69,9.7116,9.67,9.7,3311
1591032600000,9.71,9.72,9.69,9.7,6782
1591033500000,9.7,9.71,9.68,9.68,3740
1591034400000,9.68,9.73,9.68,9.73,9001
1591035300000,9.72,9.79,9.7,9.79,11207
1591036200000,9.795,9.88,9.795,9.85,13102
1591037100000,9.83,9.86,9.82,9.8547,6729
1591038000000,9.85,9.86,9.82,9.84,4535
1591038900000,9.84,9.87,9.79,9.85,9020
1591039800000,9.82,9.84,9.79,9.83,15914
1591040700000,9.84,9.85,9.81,9.82,19242
1591104600000,10.1,10.1,9.9409,10.04,38882
1591105500000,10.02,10.07,9.93,10.04,21240
1591106400000,10.05,10.11,10.0271,10.0766,23189
1591107300000,10.08,10.16,10.08,10.125,23863
1591108200000,10.12,10.14,9.9892,10.01,19174
1591109100000,10.04,10.04,9.96,9.96,13948
1591110000000,9.95,9.95,9.78,9.83,34507
1591110900000,9.8372,9.92,9.77,9.77,6990
1591111800000,9.7899,9.89,9.77,9.89,7997
1591112700000,9.89,9.9,9.8208,9.85,18350
1591113600000,9.87,9.91,9.78,9.78,4973
1591114500000,9.79,9.87,9.78,9.84,9141
1591115400000,9.86,9.91,9.78,9.815,11844
1591116300000,9.83,9.85,9.79,9.8,4632
1591117200000,9.8,9.87,9.79,9.8,4848
1591118100000,9.8,9.84,9.79,9.8199,4935
1591119000000,9.85,9.89,9.825,9.83,9102
1591119900000,9.859,9.88,9.84,9.8744,7911
1591120800000,9.89,9.91,9.86,9.88,4063
1591121700000,9.89,9.91,9.87,9.87,2200
1591122600000,9.8726,9.88,9.825,9.88,3848
1591123500000,9.9,9.9,9.85,9.855,4702
1591124400000,9.855,9.91,9.85,9.89,10384
1591125300000,9.89,9.94,9.85,9.85,11210
1591126200000,9.86,9.9097,9.86,9.8877,10191
1591127100000,9.885,9.89,9.83,9.88,15713
1591191000000,9.42,9.58,9.31,9.58,34089
1591191900000,9.61,9.61,9.4631,9.49,11907
1591192800000,9.5165,9.5895,9.23,9.3,25304
1591193700000,9.27,9.35,9.17,9.325,29705
1591194600000,9.31,9.32,9.2318,9.32,27181
1591195500000,9.33,9.45,9.32,9.38,19627
1591196400000,9.38,9.45,9.34,9.43,18460
1591197300000,9.42,9.42,9.27,9.33,44822
1591198200000,9.3242,9.43,9.3242,9.42,7108
1591199100000,9.4,9.48,9.385,9.48,10038
1591200000000,9.48,9.49,9.41,9.45,6254
1591200900000,9.45,9.45,9.39,9.43,7106
1591201800000,9.45,9.46,9.4042,9.45,5229
1591202700000,9.42,9.48,9.41,9.45,3230
1591203600000,9.45,9.5,9.45,9.46,6160
1591204500000,9.44,9.485,9.435,9.46,7073
1591205400000,9.48,9.48,9.37,9.39,4815
1591206300000,9.38,9.4,9.37,9.385,7054
1591207200000,9.385,9.4,9.37,9.38,3117
1591208100000,9.38,9.38,9.3,9.34,15455
1591209000000,9.36,9.38,9.34,9.355,4801
1591209900000,9.359,9.38,9.3171,9.37,11893
1591210800000,9.38,9.39,9.34,9.34,9306
1591211700000,9.34,9.43,9.34,9.42,3381
1591212600000,9.43,9.47,9.39,9.4,13812
1591213500000,9.39,9.44,9.375,9.41,16745
1591277400000,9.56,9.59,9.31,9.37,67675
1591278300000,9.3345,9.4,9.29,9.36,10095
1591279200000,9.32,9.38,9.23,9.355,30472
1591280100000,9.355,9.41,9.285,9.32,12386
1591281000000,9.33,9.38,9.31,9.31,5841
1591281900000,9.33,9.3925,9.29,9.36,6328
1591282800000,9.33,9.41,9.31,9.365,7915
1591283700000,9.375,9.4,9.345,9.37,8562
1591284600000,9.375,9.41,9.34,9.38,7170
1591285500000,9.41,9.41,9.36,9.4088,2322
1591286400000,9.39,9.42,9.38,9.41,3591
1591287300000,9.4514,9.4699,9.4105,9.4156,7397
1591288200000,9.41,9.51,9.41,9.51,7352
1591289100000,9.53,9.55,9.47,9.47,3740
1591290000000,9.47,9.55,9.47,9.55,3688
1591290900000,9.52,9.55,9.49,9.54,3779
1591291800000,9.55,9.57,9.51,9.57,2300
1591292700000,9.56,9.56,9.48,9.48,4201
1591293600000,9.48,9.52,9.47,9.5,8642
1591294500000,9.5,9.5731,9.5,9.54,9915
1591295400000,9.54,9.55,9.53,9.53,7612
1591296300000,9.53,9.55,9.46,9.46,5849
1591297200000,9.475,9.5,9.3801,9.4325,22976
1591298100000,9.42,9.48,9.4,9.43,6731
1591299000000,9.43,9.45,9.41,9.429,6400
1591299900000,9.42,9.49,9.4,9.49,34636
1591363800000,9.0,9.0,8.77,8.9879,46699
1591364700000,8.9787,9.13,8.97,9.13,23283
1591365600000,9.11,9.1985,9.07,9.09,18772
1591366500000,9.095,9.1,8.9566,8.9592,15637
1591367400000,8.97,9.0,8.89,8.92,19147
1591368300000,8.9,8.9,8.79,8.79,17081
1591369200000,8.79,8.81,8.714,8.72,18602
1591370100000,8.71,8.86,8.71,8.86,9994
1591371000000,8.845,8.88,8.8,8.85,12809
1591371900000,8.85,8.97,8.85,8.97,13270
1591372800000,8.93,8.97,8.8948,8.9,5313
1591373700000,8.92,9.01,8.92,9.01,5957
1591374600000,8.98,9.06,8.97,8.97,4720
1591375500000,8.98,9.02,8.96,9.02,5467
1591376400000,9.02,9.06,9.015,9.04,4212
1591377300000,9.07,9.1,9.05,9.056,4520
1591378200000,9.06,9.1,9.06,9.09,8341
1591379100000,9.0844,9.1,9.08,9.08,3350
1591380000000,9.08,9.11,9.04,9.07,5609
1591380900000,9.0462,9.15,9.0462,9.14,11124
1591381800000,9.13,9.19,9.13,9.19,10530
1591382700000,9.1998,9.28,9.1945,9.24,12698
1591383600000,9.24,9.24,9.1675,9.2,14421
1591384500000,9.185,9.23,9.18,9.23,4858
1591385400000,9.24,9.25,9.19,9.21,12114
1591386300000,9.19,9.25,9.16,9.25,20188
1591623000000,9.26,9.42,9.17,9.2,45800
1591623900000,9.19,9.31,9.17,9.31,13720
1591624800000,9.28,9.33,9.27,9.29,8259
1591625700000,9.2932,9.37,9.2801,9.36,15513
1591626600000,9.33,9.33,9.25,9.305,18812
1591627500000,9.31,9.33,9.21,9.22,5275
1591628400000,9.21,9.22,9.08,9.11,9114
1591629300000,9.075,9.22,9.075,9.18,14366
1591630200000,9.19,9.3,9.18,9.3,1491
1591631100000,9.3,9.3045,9.19,9.255,4980
1591632000000,9.29,9.33,9.28,9.28,1410
1591632900000,9.28,9.29,9.25,9.28,6138
1591633800000,9.28,9.29,9.24,9.26,6944
1591634700000,9.28,9.28,9.255,9.28,2885
1591635600000,9.27,9.28,9.2315,9.25,1500
1591636500000,9.25,9.27,9.22,9.24,6410
1591637400000,9.23,9.24,9.21,9.21,4224
1591638300000,9.21,9.21,9.18,9.18,2950
1591639200000,9.18,9.22,9.1701,9.2,10320
1591640100000,9.19,9.23,9.1827,9.21,6096
1591641000000,9.21,9.21,9.17,9.18,4561
1591641900000,9.19,9.25,9.17,9.25,3344
1591642800000,9.24,9.27,9.236,9.26,5382
1591643700000,9.255,9.28,9.2339,9.28,4451
1591644600000,9.28,9.29,9.26,9.27,5706
1591645500000,9.25,9.3,9.23,9.25,14946
1591709400000,9.39,9.45,9.3673,9.4147,24087
1591710300000,9.415,9.555,9.415,9.5,22875
1591711200000,9.52,9.58,9.465,9.5799,15378
1591712100000,9.5674,9.71,9.55,9.71,16325
1591713000000,9.68,9.78,9.68,9.75,28316
1591713900000,9.7501,9.82,9.7312,9.8,13107
1591714800000,9.8,9.8,9.7,9.72,10629
1591715700000,9.71,9.72,9.587,9.65,16554
1591716600000,9.6483,9.7,9.6,9.67,5598
1591717500000,9.6554,9.7,9.63,9.67,9000
1591718400000,9.68,9.7,9.58,9.595,23845
1591719300000,9.61,9.61,9.51,9.57,26391
1591720200000,9.5783,9.65,9.56,9.65,15100
1591721100000,9.64,9.65,9.6,9.65,8850
1591722000000,9.66,9.67,9.615,9.62,5401
1591722900000,9.625,9.63,9.58,9.58,3883
1591723800000,9.5884,9.65,9.5884,9.6,10860
1591724700000,9.61,9.69,9.61,9.69,5608
1591725600000,9.6785,9.68,9.63,9.645,7924
1591726500000,9.655,9.67,9.64,9.64,4817
1591727400000,9.64,9.67,9.57,9.59,20110
1591728300000,9.59,9.595,9.57,9.58,5899
1591729200000,9.575,9.62,9.575,9.615,26135
1591730100000,9.62,9.7,9.62,9.7,10327
1591731000000,9.69,9.72,9.685,9.71,4978
1591731900000,9.7,9.74,9.68,9.68,13511
1591795800000,10.0,10.18,10.0,10.1,59650
1591796700000,10.08,10.0936,9.95,9.9501,28962
1591797600000,9.955,9.995,9.89,9.9101,27856
1591798500000,9.9311,9.96,9.735,9.735,13033
1591799400000,9.73,9.8,9.66,9.77,33396
1591800300000,9.8,9.83,9.76,9.76,11703
1591801200000,9.76,9.8592,9.75,9.8589,6699
1591802100000,9.86,9.86,9.8,9.81,8329
1591803000000,9.8,9.8,9.76,9.77,2902
1591803900000,9.77,9.78,9.75,9.78,6079
1591804800000,9.8,9.91,9.77,9.86,19989
1591805700000,9.8773,9.885,9.86,9.87,5999
1591806600000,9.86,9.92,9.86,9.87,7099
1591807500000,9.87,9.87,9.78,9.79,5050
1591808400000,9.78,9.83,9.7701,9.81,4407
1591809300000,9.82,9.84,9.79,9.79,4135
1591810200000,9.79,9.815,9.75,9.77,10626
1591811100000,9.77,9.8,9.76,9.78,9493
1591812000000,9.79,10.0,9.71,9.99,23551
1591812900000,10.03,10.04,9.95,10.0,26593
1591813800000,10.0,10.025,9.96,10.005,15925
1591814700000,10.005,10.06,9.98,10.01,27558
1591815600000,10.0,10.17,9.99,10.15,25894
1591816500000,10.16,10.28,10.16,10.245,19015
1591817400000,10.245,10.3,10.24,10.27,23586
1591818300000,10.26,10.37,10.245,10.36,51511
1591882200000,10.17,10.3,10.095,10.18,30058
1591883100000,10.165,10.22,10.11,10.2154,8955
1591884000000,10.205,10.48,10.2,10.43,36265
1591884900000,10.425,10.568,10.4,10.53,42664
1591885800000,10.5298,10.57,10.42,10.46,22514
1591886700000,10.455,10.5806,10.45,10.57,15198
1591887600000,10.55,10.73,10.55,10.73,39725
1591888500000,10.73,10.79,10.58,10.635,45117
1591889400000,10.63,10.64,10.36,10.395,18418
1591890300000,10.41,10.48,10.378,10.45,8243
1591891200000,10.45,10.48,10.405,10.43,19455
1591892100000,10.41,10.42,10.3,10.31,17482
1591893000000,10.3,10.39,10.26,10.32,9478
1591893900000,10.32,10.32,10.11,10.11,39442
1591894800000,10.11,10.1631,10.06,10.16,9216
1591895700000,10.16,10.1934,10.1,10.1,6999
1591896600000,10.11,10.215,10.11,10.215,11562
1591897500000,10.2,10.26,10.16,10.19,13006
1591898400000,10.22,10.22,10.105,10.105,11383
1591899300000,10.09,10.12,9.92,9.93,26060
1591900200000,9.94,10.035,9.93,9.97,15107
1591901100000,10.01,10.02,9.94,9.97,27996
1591902000000,9.95,10.01,9.95,9.95,16055
1591902900000,9.9526,9.97,9.74,9.79,38595
1591903800000,9.8,9.91,9.79,9.91,38343
1591904700000,9.9,9.96,9.88,9.95,36632
1591968600000,10.3,10.4582,10.3,10.37,51723
1591969500000,10.3501,10.6299,10.35,10.5997,38825
1591970400000,10.5997,10.5997,10.5,10.5001,15220
1591971300000,10.51,10.6,10.5,10.53,17731
1591972200000,10.54,10.58,10.51,10.56,5112
1591973100000,10.57,10.6,10.43,10.47,19595
1591974000000,10.42,10.43,10.24,10.24,17528
1591974900000,10.2206,10.2206,10.1,10.17,7796
1591975800000,10.17,10.31,10.17,10.31,6123
1591976700000,10.29,10.38,10.265,10.33,4802
1591977600000,10.3,10.32,10.21,10.24,7437
1591978500000,10.27,10.28,10.23,10.245,3629
1591979400000,10.245,10.32,10.245,10.28,3200
1591980300000,10.28,10.28,10.23,10.26,2343
1591981200000,10.25,10.26,10.15,10.1601,4128
1591982100000,10.16,10.2,10.15,10.19,4102
1591983000000,10.21,10.24,10.1634,10.19,5236
1591983900000,10.18,10.19,10.12,10.15,9880
1591984800000,10.17,10.21,10.16,10.2,2925
1591985700000,10.19,10.22,10.17,10.2,3782
1591986600000,10.26,10.29,10.23,10.24,2100
1591987500000,10.24,10.3,10.24,10.28,4174
1591988400000,10.32,10.32,10.2,10.275,26286
1591989300000,10.275,10.275,10.15,10.16,12834
1591990200000,10.15,10.22,10.13,10.15,19655
1591991100000,10.16,10.17,10.11,10.11,47656
